date,p1,p2,p3,p4,p5,p6,p7,p8,p9,p10
07/1963,-0.007707399,0.0027983655,-0.008393159,-0.011016733,-0.001799396,0.0053285433,0.0017395368,-0.00273251,-0.000453888,-0.000758068
08/1963,0.0723823066,0.0507095838,0.0488684442,0.0529889088,0.041316435,0.0518565413,0.0434737603,0.0738450947,0.0762264322,0.0724466113
09/1963,-0.017416894,-0.033300904,-0.035877151,-0.009039734,0.0042736232,-0.013611074,-0.027569709,-0.009358022,-0.000496265,-0.003569947
10/1963,0.0231401516,-0.003522784,0.0052068345,0.0284060469,0.0684156625,0.0188526978,0.0067184436,0.0156267887,0.0299930441,0.0241780454
11/1963,-0.015387452,-0.030761217,-0.010534637,0.0066692215,0.010505835,-0.001262414,-0.007690645,-0.000887851,-0.005939646,0.0098828473
12/1963,0.0115801899,0.0082651097,0.038540488,0.0165726294,0.0152887823,0.0295185271,0.0226468676,0.0238143412,0.0211278385,-0.011095766
01/1964,-0.003237711,0.0123321199,0.0334041332,0.0333615898,0.0210014539,0.0235873119,0.0272176873,0.0331087619,0.0227955467,0.0153649213
02/1964,0.0146211971,0.0162976327,0.0091422338,0.0187269768,0.0197257941,0.0160623799,0.0255801574,0.0142786781,0.0232854886,0.0337921789
03/1964,0.0133586879,0.0148562343,0.0244955738,0.0151423104,0.0174747702,0.008285959,0.0196242371,0.0265181301,0.0225133015,0.0310046381
04/1964,-0.022906317,-0.000059578,-0.01708251,-0.002754792,-0.010912632,0.0184824586,0.0194213553,0.0063681396,0.0145990385,-0.002965127
05/1964,0.0402840168,0.0160743224,0.0149644731,0.0303756292,0.0004892591,0.0236388758,0.0179316001,0.0003107166,0.0109581774,0.0136387535
06/1964,0.0076593341,0.0101405451,0.0094111302,0.0089575962,0.0176055374,0.0171055077,0.0135431904,0.0238060976,0.0328337826,0.0263309479
07/1964,0.0120092853,0.0267479033,0.0227350874,-0.004906076,0.0094104779,0.030392908,0.0354843319,0.0297376293,0.0253251858,0.0289560461
08/1964,-0.005873236,-0.009199137,-0.018139526,0.0031098867,-0.011548501,-0.019508173,-0.014972994,-0.018654623,-0.003798503,-0.016122472
09/1964,0.0298752777,0.0062432722,0.0272445242,0.0354953737,0.0343599862,0.0134079589,0.0282669486,0.0654290812,0.0388617468,0.0477559832
10/1964,-0.008767937,0.0125394254,0.001996291,0.0078122688,0.0142465795,0.0054119274,0.0190111696,0.0208033858,-0.001356434,0.0149400816
11/1964,-0.004269883,0.0165785682,0.0063485556,0.0054215493,-0.003084386,-0.009848535,0.0213097761,0.0066884387,0.0135700049,-0.017399915
12/1964,-0.021490469,-0.002826241,-0.011304207,0.0021128797,0.0002792754,0.0107480029,0.0223067645,0.004803505,0.0015127928,0.0013322696
01/1965,0.0323893159,0.0379349299,0.01952266,0.0235685251,0.0561892216,0.0424842343,0.0551056518,0.0547791029,0.0506106783,0.0722800941
02/1965,0.0307011925,0.0160428556,0.0057118028,-0.000449765,0.0012518756,0.0063410504,0.0150625191,-0.004451171,0.0087462767,0.0283079102
03/1965,-0.029732228,-0.0290146,-0.009289802,-0.000861522,-0.00586537,-0.001972335,-0.014876657,-0.007234978,-0.012471615,0.0026693821
04/1965,0.0305385102,0.0318506807,0.0173518299,0.0293691889,0.0306544497,0.0496270967,0.0156777033,0.0398473452,0.0342938816,0.046950182
05/1965,-0.020895113,-0.015303992,0.0023253938,-0.016464218,0.0092298793,0.0094270874,-0.008121745,-0.006191855,-0.016642769,-0.021035239
06/1965,-0.087368074,-0.070038527,-0.047176795,-0.04472547,-0.049462486,-0.034625646,-0.048084456,-0.049917548,-0.059340369,-0.082166814
07/1965,0.0183570318,0.0187255667,-0.00039331,0.012529106,0.0173596784,0.0219110157,0.0326149061,0.0396322404,0.0220699868,0.0500353116
08/1965,0.0567157945,0.0449385139,0.0322190288,0.0399328071,0.0270507426,0.0113745832,0.0469541242,0.0228354833,0.0315566163,0.0474344413
09/1965,0.0285729139,0.0280576785,0.0268953687,0.0250196434,0.0486160285,0.0155475495,0.0242550703,0.0419117969,0.0316106642,0.0347758308
10/1965,0.0481881255,0.0203926051,0.0265180419,0.0456068605,0.0163957945,0.0311140639,0.0201339211,0.028113177,0.0407768949,0.049381719
11/1965,0.0610067047,0.0129042638,0.0001496572,0.006866842,-0.009293442,-0.018475292,0.0141305672,-0.00480975,0.0299104924,0.0258810722
12/1965,-0.001618799,0.0192776508,0.0061213854,0.0110875563,0.0076227861,-0.002707244,0.0016847279,0.0356449893,0.046262626,0.0617794353
01/1966,0.0398091198,0.0173301048,0.0127083685,0.0062230409,-0.002988429,-0.005675991,0.0120570167,0.0366949996,0.0323360051,0.0497672191
02/1966,0.0141967729,0.0045252112,-0.010644322,0.0078640919,-0.01196316,-0.020003469,-0.008369927,-0.023723307,-0.011284775,0.0197103703
03/1966,-0.026922449,-0.014556416,-0.004989004,-0.02176685,-0.031266262,-0.039498,-0.035471593,0.0057041139,-0.00010873,-0.001402984
04/1966,0.0325412399,0.0256504986,0.0437033564,0.0288659987,0.0117321119,0.0137704444,0.022167716,0.0310141516,0.0266545249,0.051369871
05/1966,-0.086533606,-0.057484004,-0.062368759,-0.068678212,-0.039196176,-0.0380115,-0.05131867,-0.057057875,-0.036785496,-0.053225492
06/1966,-0.022377299,-0.011490101,-0.02316634,-0.006357944,-0.015646021,-0.010223253,0.0066727027,-0.000737915,0.0005018744,-0.001629267
07/1966,0.0016351611,-0.02881079,-0.004023413,-0.038605638,-0.015660415,-0.012515681,-0.001428903,-0.016389598,-0.01551761,0.0006230982
08/1966,-0.096441734,-0.075403935,-0.081381824,-0.079692831,-0.078248543,-0.061968455,-0.080386707,-0.07641285,-0.054469079,-0.106299925
09/1966,-0.011864008,-0.01865855,-0.030334977,-0.008333444,-0.010361068,0.0062898267,0.0214221939,-0.011090018,0.0039514607,-0.007954767
10/1966,0.0087733936,0.0476739942,0.0351213908,0.0242239777,0.0638775473,0.069477139,0.0403575003,0.0476307981,0.0441033233,0.0264000329
11/1966,0.0067008193,0.0152094272,-0.000500622,0.0089107262,0.0290025984,-0.018750709,0.040399714,0.0129137812,0.1022243802,0.157129122
12/1966,0.0041418055,0.0047565433,0.0146117324,-0.003710283,-0.018759762,0.0030525525,0.0260526931,0.0185985107,0.0299760749,0.018348634
01/1967,0.0860720318,0.0972906692,0.0658413074,0.0705180967,0.0771402137,0.0808049129,0.0853805425,0.1117970518,0.090349084,0.1538581306
02/1967,0.0308870736,0.0090599046,0.0065629184,0.0014987757,0.0029229203,0.0099109803,-0.000685277,0.0295820697,0.0047754344,0.0264891349
03/1967,0.0450707801,0.0494775512,0.0361767323,0.0323908554,0.0408049796,0.0443147238,0.0377226066,0.0436745587,0.0642555268,0.0872962198
04/1967,0.0599151044,0.0340086414,0.0458811324,0.0216305541,0.0339582605,0.0742122389,0.029476233,0.0294308202,0.0797951926,0.0578023532
05/1967,-0.05961141,-0.055111684,-0.050452778,-0.033419409,-0.038802574,-0.044581897,-0.019080192,-0.035578978,0.0003654475,-0.01417482
06/1967,0.07088103,0.0434935653,0.0289837678,0.0335047595,0.0192672987,0.0286422518,0.0053613828,0.0183852692,0.0339098172,0.0484363452
07/1967,0.0496307439,0.0576597183,0.0702467759,0.0584913034,0.0014111151,0.0410836632,0.0489160099,0.0648543217,0.0654403816,0.0626220701
08/1967,0.0085933437,-0.00579319,-0.015206236,-0.010163676,-0.010294527,-0.009563312,0.004801717,-0.007313607,0.0079992932,0.0015044552
09/1967,0.0395183901,0.0342947108,0.0208061501,0.0162661381,0.0394723985,0.0389065564,0.0310681974,0.0377212303,0.031747949,0.0441580753
10/1967,-0.025360532,-0.048925546,-0.009481723,-0.000251547,-0.046636981,-0.046145767,-0.034989323,-0.025148706,-0.038031142,-0.037086883
11/1967,0.0017698979,-0.005263489,-0.016565855,0.0102973556,0.0082535111,0.0167880621,0.014324798,0.0093278602,0.0028945469,0.0307868572
12/1967,0.0588239788,0.0265836932,0.0365638957,0.0074713106,0.0288946924,0.0212431537,0.0490600287,0.0593702729,0.0505732279,0.0454727679
01/1968,-0.039153137,-0.055312128,-0.058373222,-0.05410788,-0.026399146,-0.035281586,-0.033043159,0.0015959652,-0.039626601,-0.026374782
02/1968,-0.077078841,-0.06145337,-0.039526315,-0.044745936,-0.021098744,-0.025570099,-0.030515656,-0.02992492,-0.03528406,-0.038089638
03/1968,-0.001657916,-0.009068554,0.0038769845,0.0180585481,-0.008693936,0.0029404786,0.0046468015,0.0091044458,0.013851419,0.0181173233
04/1968,0.1234403407,0.0949618231,0.084950745,0.1039637158,0.0653349275,0.093013138,0.0983191786,0.0788315238,0.1330045621,0.1659512241
05/1968,0.0555646962,0.0299146312,0.016772816,0.0375152892,0.0331795666,0.0202081628,0.0047681478,0.0346693108,0.0443523284,0.0620114282
06/1968,-0.009460326,-0.007569624,0.0145188819,-0.005577397,0.0051146016,0.0203080278,0.0167295338,0.0317717066,0.0183178569,-0.002384539
07/1968,-0.052274446,-0.019370837,-0.029743649,-0.032527903,-0.016341675,-0.011180358,-0.021785406,-0.012198393,-0.037296605,-0.02567321
08/1968,0.032082016,0.0203561122,0.0163538542,0.0136979746,0.0151765894,0.0110000198,0.0198712156,0.009347534,0.0387840727,0.020522229
09/1968,0.0675846957,0.0544192667,0.053162749,0.0205099544,0.0338735714,0.0285624366,0.0635494596,0.0553846403,0.0608558355,0.0931749875
10/1968,-0.026629431,-0.006039902,0.0229136443,0.0129700592,-0.001533173,0.005325786,0.0120299785,0.0295933227,0.0267264582,0.0256146565
11/1968,0.0695066431,0.0525435457,0.0503816328,0.0537893053,0.0327792466,0.0602756665,0.0720546156,0.0641487846,0.0751160923,0.077889271
12/1968,-0.041077262,-0.055890708,-0.045050357,-0.015129851,-0.046205382,-0.037976521,-0.023688672,-0.03733089,-0.026894845,-0.009483323
01/1969,-0.019892985,-0.016747567,-0.017673397,-0.003462183,-0.000596618,-0.013606897,-0.005050698,-0.007801517,0.0070669028,0.0077445929
02/1969,-0.090414399,-0.073936718,-0.058935146,-0.042065345,-0.049058431,-0.028340696,-0.050704924,-0.052852721,-0.06526883,-0.073502119
03/1969,0.0232658667,0.0340174319,0.0375168537,0.0215697029,0.0289380101,0.0366192198,0.0415252764,0.01143905,0.0486426158,0.029028368
04/1969,0.0258776998,0.0170607147,0.0208237974,0.0095614422,0.0315506531,0.011513913,0.0054120294,0.0223566244,0.0389515842,0.0036863574
05/1969,-0.010251964,-0.012113369,0.0014160363,0.0021088211,0.0079255311,0.0071043701,0.0153916887,0.0174235372,0.0073246569,0.0041091643
06/1969,-0.110887443,-0.083344698,-0.083286093,-0.059559878,-0.030035616,-0.071330618,-0.065612089,-0.056892628,-0.074307944,-0.124145126
07/1969,-0.091910284,-0.059145465,-0.060147149,-0.05281576,-0.060213102,-0.06956982,-0.065543978,-0.069023279,-0.061138608,-0.08641503
08/1969,0.0487211971,0.0530814644,0.0529633269,0.0303467157,0.056816678,0.0473138438,0.0575591595,0.0509761646,0.083123194,0.0780880935
09/1969,-0.041044891,-0.033843021,-0.023311147,-0.017727945,-0.022407019,-0.029153025,-0.019428993,-0.027671326,-0.016163824,0.0204611773
10/1969,0.0547872121,0.0607274873,0.050074885,0.0503910836,0.0484522627,0.0482717778,0.0685073838,0.0770789718,0.062784175,0.0736522849
11/1969,-0.045020004,-0.054057354,-0.036809995,-0.034518957,-0.033823791,-0.013605628,-0.038508825,-0.037638873,-0.022273707,-0.029546923
12/1969,-0.025415396,-0.021616616,-0.021173396,-0.037214382,-0.008352253,-0.00388874,-0.006509916,-0.024539479,-0.044386731,-0.070301364
01/1970,-0.080771473,-0.092384477,-0.071213527,-0.07946698,-0.064177255,-0.038102249,-0.077028999,-0.075817774,-0.09399848,-0.074191136
02/1970,0.0209401943,0.0528025285,0.0333164883,0.0565072052,0.0332276225,0.048839881,0.0792979514,0.0766836895,0.0822791754,0.0676259798
03/1970,-0.028767283,-0.013702647,-0.017792125,0.0099033574,-0.000724316,-0.011474122,-0.000793735,0.0140573638,-0.002421988,-0.019779195
04/1970,-0.118347995,-0.102524738,-0.09345446,-0.0915835,-0.107677505,-0.081905557,-0.098334573,-0.114664851,-0.143187064,-0.166131539
05/1970,-0.076080023,-0.063845385,-0.042274293,-0.05668363,-0.078428211,-0.052069422,-0.087119368,-0.07832449,-0.086315751,-0.098434118
06/1970,-0.06701332,-0.043689931,-0.033034109,-0.048141133,-0.071613603,-0.051505979,-0.025119189,-0.047544873,-0.040936816,-0.067318392
07/1970,0.0548503288,0.0507405721,0.0827595716,0.0711230945,0.056543472,0.0947980535,0.0876972901,0.1093706514,0.0785470017,0.1302785547
08/1970,0.0401567818,0.0507230456,0.0551517211,0.0325487121,0.0650408804,0.0381745853,0.0502416743,0.046223571,0.0670935745,0.1021843153
09/1970,0.0890846895,0.0423156597,0.0529619229,0.0374659175,0.0384514723,0.0331581932,0.0314136637,0.0639321241,0.0689190579,0.1329619066
10/1970,-0.100746586,-0.058492855,-0.049793271,-0.020976987,-0.030232577,-0.003346936,-0.000735118,-0.014278697,-0.010469806,-0.009851967
11/1970,0.0336449395,0.0398168767,0.0434391064,0.0503689756,0.0576869998,0.0595385641,0.0661219202,0.0447914285,0.0554605401,0.0140373523
12/1970,0.0421402577,0.0569608994,0.053228417,0.049880134,0.0604408873,0.0637420945,0.0874033889,0.0780766793,0.0940891511,0.0965419985
01/1971,0.0786390976,0.0526430254,0.0293641443,0.0314613291,0.0574698285,0.0454555438,0.034056765,0.0666534631,0.078992265,0.1153969622
02/1971,0.0136022024,0.0132990361,0.0241398997,0.0141162651,0.0162599546,0.0189645297,0.0047143078,0.0212425114,0.0266884929,0.0320623731
03/1971,0.0386258597,0.0433527188,0.0433750973,0.0457186128,0.0279166551,0.0552112359,0.0463292671,0.0339713178,0.058034509,0.0629658823
04/1971,0.0219588231,0.0277878133,0.0192470057,0.0282485696,0.0415754414,0.0336685801,0.0287403937,0.0479095662,0.057395634,0.0440239877
05/1971,-0.034765863,-0.039226593,-0.033752203,-0.045070368,-0.027219266,-0.046244967,-0.02923008,-0.03585425,-0.033600095,-0.0292692
06/1971,-0.00516569,0.0123219971,0.0149659711,-0.00972713,-0.007306891,0.0121588934,0.0201003665,0.0034865941,0.0045054217,-0.02265151
07/1971,-0.063211852,-0.047115343,-0.047748809,-0.046895889,-0.043866244,-0.02140455,-0.023923412,-0.035430833,-0.036566008,-0.053107547
08/1971,0.0381091774,0.0451469948,0.0084565816,0.0261867845,0.0514826566,0.0249474895,0.0623041794,0.0376518134,0.0921716509,0.081141139
09/1971,-0.015489295,-0.018788863,-0.014908791,0.0013022997,0.0002034052,-0.002566516,-0.004970928,-0.005989197,0.0086349326,-0.014166498
10/1971,-0.06024125,-0.03765394,-0.047284068,-0.021365931,-0.037689745,-0.033633325,-0.039067537,-0.05996151,-0.054553855,-0.068147537
11/1971,-0.00175376,-0.008250813,-0.000284734,0.0064375495,0.010514609,-0.003004889,0.0048786966,-0.021452197,-0.016774317,-0.024458869
12/1971,0.077234357,0.0830402726,0.0852195379,0.0816462217,0.0867899492,0.1062514692,0.088916059,0.1138726304,0.1286726058,0.1329503618
01/1972,0.0549497366,0.0400405965,0.0237507948,0.012973091,0.0158827385,0.0276153225,0.0351224934,0.0172072559,0.026101792,0.0640645061
02/1972,0.0409332797,0.0368263242,0.0329946151,0.0240535596,0.0178689658,0.0258494169,0.0234163379,0.03767127,0.0523189394,0.0530019685
03/1972,-0.003684338,-0.01009772,-0.000339419,-0.001666461,0.0296601542,0.0019838135,0.0108551109,0.01804212,0.027404861,0.0088057249
04/1972,-0.001137496,0.0233396649,0.0009339488,-0.00594836,0.0108881049,0.0053920482,0.0149520414,0.0004483532,0.0137748427,0.0058803247
05/1972,0.0052052722,0.015155473,0.0158883682,0.0204912244,0.0299283478,0.0115862831,-0.000259872,0.0257244353,0.0159955409,-0.03154723
06/1972,-0.007429645,-0.021277589,-0.025801013,-0.018492643,-0.002573952,-0.034950667,-0.037200055,-0.036648353,-0.043259154,-0.02786154
07/1972,-0.022295337,-0.000831096,0.0060975484,0.0039352491,0.0081781886,-0.008118616,-0.021344869,-0.014682395,-0.020378905,-0.044194501
08/1972,0.0076573762,0.0266723764,0.0344064889,0.0114576912,0.0541277165,0.0639917371,0.0723113268,0.0411456057,0.0438416323,0.0352748685
09/1972,-0.023925215,-0.026670106,-0.026231249,0.0075490866,-0.009804065,-0.01290525,-0.001134236,0.0141058251,-0.029331968,-0.019471417
10/1972,-0.015957714,0.0204302055,0.0129674853,-0.007048348,0.0151930491,0.0201767411,0.0203487556,0.0206247599,0.0092398852,-0.003685568
11/1972,0.0371964642,0.0340137869,0.0551474619,0.0259320481,0.0515291355,0.0438023247,0.0744808946,0.0709340103,0.099281266,0.0930531508
12/1972,-0.031330927,-0.018464536,-0.001724899,-0.000502925,0.0193561363,0.0130058389,0.0187742657,0.0204482789,0.0204690813,0.0220420952
01/1973,-0.049501206,-0.057345684,-0.020301566,-0.024898679,0.0020709588,-0.016385943,-0.042442647,-0.061213246,-0.055600009,-0.046388713
02/1973,-0.059384934,-0.044387216,-0.031214603,-0.038229051,-0.038202777,-0.036158742,-0.058777781,-0.062943555,-0.031367812,-0.078933381
03/1973,-0.016916147,-0.018001716,-0.00679232,-0.004053698,0.0012537334,-0.010141029,-0.012990518,0.004416811,-0.014418701,-0.030386983
04/1973,-0.063902368,-0.065300079,-0.049346877,-0.04564521,-0.041198946,-0.043950758,-0.048395567,-0.053097569,-0.075193718,-0.061272939
05/1973,-0.036922551,-0.037999486,-0.019570542,-0.031776614,-0.014172865,-0.00692425,-0.023820006,-0.043320202,-0.048437992,-0.045947885
06/1973,-0.01299126,-0.009100381,-0.011285128,0.0019071708,-0.007724353,-0.015770867,-0.023075095,-0.026278364,-0.025675395,-0.010514162
07/1973,0.0790980197,0.0926128179,0.0242854641,0.0291777683,0.0327687855,0.0345239415,0.0940134478,0.0700732266,0.1162242106,0.1948763434
08/1973,-0.040810666,-0.036516572,-0.024176123,-0.038739244,-0.024874206,-0.037153301,-0.024692188,-0.037752219,-0.02645289,-0.020480123
09/1973,0.0783778206,0.0564606751,0.0492111437,0.0359248882,0.00968,0.069676191,0.0847027216,0.0858424608,0.0948372307,0.0953782083
10/1973,-0.013763665,-0.009924249,-0.005727217,-0.017858958,-0.026961606,0.0068412521,0.0024489354,0.0086696822,0.0125493655,-0.001795198
11/1973,-0.140868028,-0.118931989,-0.123070519,-0.081606237,-0.122633997,-0.095117553,-0.123924004,-0.160876485,-0.153604292,-0.213436223
12/1973,0.0202015737,-0.009734252,0.0120994493,0.0086297449,0.0217124556,0.0467188265,0.0002692484,0.0465093957,0.0435096362,0.0098945892
01/1974,-0.053727914,-0.002107456,-0.018193562,-0.006700564,-0.008389227,0.0141548203,0.0619596857,0.0386299527,0.0540564126,0.0785925685
02/1974,-0.028926607,0.0000144922,0.0101920805,-0.004223241,0.0125975522,-0.001376539,-0.005188893,-0.002984637,0.0058629117,0.021107038
03/1974,-0.046519302,-0.045279805,-0.041681825,-0.034300158,-0.027301453,-0.011656105,-0.017620631,-0.002163678,-0.005531406,0.0090605602
04/1974,-0.060867508,-0.058838484,-0.040512114,-0.02556448,-0.049651061,-0.037972443,-0.056767217,-0.048944816,-0.045173959,-0.060551439
05/1974,-0.051514587,-0.045667501,-0.032168109,-0.046171523,-0.012840235,-0.041486902,-0.053700556,-0.078838007,-0.053985995,-0.042972872
06/1974,-0.050733461,-0.022003814,-0.017492722,-0.011738781,-0.005899328,-0.036515184,-0.006553107,-0.031457132,-0.034589026,-0.03053391
07/1974,-0.052801134,-0.068847986,-0.086744632,-0.053315811,-0.095423255,-0.097061228,-0.031479681,-0.074594834,-0.056868862,-0.038650809
08/1974,-0.110960921,-0.108095122,-0.092258527,-0.097835489,-0.089420093,-0.085221259,-0.066071249,-0.086917689,-0.088169516,-0.08993153
09/1974,-0.083352663,-0.133735736,-0.087663123,-0.100177287,-0.157471813,-0.119992894,-0.105646067,-0.077306337,-0.061292726,-0.077874052
10/1974,0.1105508133,0.1571416128,0.1291680314,0.1702104632,0.124298736,0.1237075044,0.148843024,0.2161272438,0.2234845747,0.2450609256
11/1974,-0.022764753,-0.028950289,-0.026273251,-0.041085065,-0.048769733,-0.048424524,-0.05996246,-0.037300061,-0.061254944,-0.034242572
12/1974,-0.058321878,-0.031269278,-0.019528667,-0.029283252,-0.031245932,-0.012905879,-0.023019183,-0.059638749,-0.007637069,-0.066015794
01/1975,0.0842843159,0.1099107292,0.1365411782,0.1090128302,0.1281388457,0.1474306376,0.16257834,0.2511896238,0.2680902463,0.3491479252
02/1975,0.0207461127,0.0521094619,0.0304972782,0.038263868,0.0430190692,0.0393644889,0.0543257594,0.0999837473,0.0414653242,0.0580056919
03/1975,0.0293351293,0.02888571,0.0245895762,0.0069340636,0.0444307933,0.0213722685,0.0299745704,0.0564462522,0.0665375029,0.1177379109
04/1975,0.0453859845,0.0525486599,0.0519457624,0.0735024428,0.0487658178,0.0216576644,0.0413363219,0.0255247112,0.0741731812,0.0792299982
05/1975,0.0461239173,0.0411123017,0.0451728653,0.0468944033,0.0416645751,0.0584853342,0.0727191636,0.0867344009,0.1057915841,0.1060961695
06/1975,0.019104777,0.0427559414,0.0527109601,0.0416856742,0.0664455527,0.0307065416,0.046319993,0.0792435077,0.0890489031,0.0888443816
07/1975,-0.080839777,-0.064576782,-0.054699166,-0.056417416,-0.063669288,-0.065241778,-0.0654701,-0.052621061,-0.0471633,-0.052692459
08/1975,-0.051154587,-0.038436074,-0.025718698,-0.027985479,-0.027141835,-0.016760373,-0.021020315,-0.01535424,-0.012926847,-0.034943257
09/1975,-0.041799103,-0.047651445,-0.037148753,-0.0226966,-0.026308853,-0.067157546,-0.033583113,-0.033669098,-0.038725634,-0.043844298
10/1975,0.0417540107,0.0493201025,0.0146950126,0.059375859,0.0909847962,0.0501064454,0.0548518126,0.0685362494,0.0709031837,0.0440456212
11/1975,0.0379886087,0.0205149559,0.0191396371,0.0424152218,0.0429093647,0.0276378363,0.0166684681,0.0272577358,0.0282533058,0.0183472884
12/1975,-0.023568234,-0.026947192,-0.008986284,-0.039928419,-0.004598735,-0.007443155,0.0001438933,-0.006581208,0.009664627,0.0217633414
01/1976,0.1480884448,0.1283518793,0.1065305678,0.110186386,0.1151212939,0.1178180537,0.1605484796,0.1329185956,0.1345125202,0.1681187703
02/1976,0.0918703535,0.0181720704,0.0327365296,0.0253724086,-0.010386273,0.00277636,-0.008660342,-0.003262662,0.0044054312,0.0317621576
03/1976,0.0064278325,-0.004532369,-0.003597772,0.0015834525,0.0019367257,0.0252411032,0.0322309067,0.041858284,0.0352210516,0.0520130878
04/1976,-0.021868663,-0.031757195,-0.016261158,-0.004246436,-0.002784651,-0.008522641,-0.007965247,-0.005017416,-0.003295946,-0.00296476
05/1976,-0.010293713,0.0056876474,-0.016285505,-0.0247818,-0.015149064,0.0142717989,-0.016216579,-0.020321531,0.0009534902,0.0056108453
06/1976,0.0569171225,0.0389121342,0.0331405007,0.0326457076,0.047097469,0.0384685712,0.0327847921,0.0712955096,0.0575768996,0.0604800883
07/1976,-0.035970406,-0.009108372,-0.017761853,-0.01229856,-0.007332414,0.0068604062,-0.003649551,0.004154741,-0.005323509,0.0052928885
08/1976,-0.024449984,-0.006779369,-0.000241217,0.003873595,0.0023828042,0.0102230616,0.0033962999,-0.014330065,-0.004301529,-0.02465575
09/1976,0.0189559966,0.0127519788,0.0224211591,0.0287777901,0.0398162185,0.012468286,0.0318478938,0.0160581651,0.0267846055,0.0264347213
10/1976,-0.045599963,-0.023967466,-0.02512936,-0.010016977,-0.018217652,-0.028246998,-0.014720574,-0.01292007,-0.015399847,-0.026231981
11/1976,0.0070834946,0.0140792814,0.0072527759,0.0106243236,-0.01213157,-0.008851943,0.0147611839,0.0229712062,0.0221874512,0.0515197107
12/1976,0.0737794986,0.0565045679,0.0558880346,0.0519078736,0.0577548918,0.0556245345,0.0422249326,0.0598044597,0.0915356035,0.1127046798
01/1977,-0.014485016,-0.019961166,-0.016600321,-0.042312923,-0.042194779,-0.015837442,-0.032299422,-0.050446082,-0.066084288,-0.032448549
02/1977,-0.021592502,-0.023384097,-0.01544385,-0.025813579,-0.022173548,-0.022110747,-0.001880056,-0.024279954,-0.014396028,-0.020121615
03/1977,-0.012317143,-0.004916469,-0.009815283,-0.018051838,-0.001794807,-0.023575252,-0.007177576,-0.004179958,0.0062913161,0.0053293711
04/1977,0.0211103248,0.0107542729,0.0053231061,0.0115233506,0.006812678,-0.00069769,-0.008338873,0.0136303185,-0.003293645,0.0267829226
05/1977,-0.022834169,-0.011411014,-0.0064906,-0.011860619,0.0006436627,-0.004200572,-0.022300978,-0.009985103,-0.010163573,-0.018026328
06/1977,0.0596469848,0.0434648997,0.0502025221,0.0626218202,0.0363275115,0.0571477999,0.0478085983,0.0580064861,0.0589515164,0.0586292018
07/1977,-0.035899196,-0.012648327,-0.029062683,-0.008464854,-0.014852765,-0.002981664,-0.012307243,-0.005092274,-0.004284715,-0.030381722
08/1977,-0.002434158,-0.02639331,-0.014017575,-0.025671617,0.0024621639,-0.01194334,-0.016338987,-0.02625531,-0.011018513,-0.008876891
09/1977,-0.001809411,-0.003436531,-0.010922461,0.0068157455,-0.000262024,0.0062275281,-0.000960003,0.0092714804,0.0109445448,0.0128760021
10/1977,-0.038760734,-0.04943395,-0.050020132,-0.05071081,-0.042009842,-0.032353789,-0.032804732,-0.028875393,-0.03503648,-0.025577459
11/1977,0.0531403499,0.0515673472,0.038591411,0.045661078,0.0337620563,0.0335958457,0.0425917456,0.0535607696,0.0513542076,0.0883705137
12/1977,0.0210858901,0.022475852,0.0043023735,0.0003738175,-0.004512211,0.0027411137,0.011935275,0.0072852978,0.0136797951,0.0073108547
01/1978,-0.060600213,-0.064963696,-0.06295612,-0.053898999,-0.046267148,-0.058360669,-0.058318127,-0.048669782,-0.056128853,-0.038012731
02/1978,0.0005723022,-0.003612802,-0.016326394,-0.015393215,-0.021637742,0.0090187858,-0.013092886,-0.00837981,-0.010880429,-0.002101983
03/1978,0.0630163339,0.0411062949,0.044718418,0.0346297099,0.0312732921,0.0314351106,0.0066020742,0.037305497,0.0442555179,0.0671186633
04/1978,0.0585419219,0.0740241537,0.0853892865,0.083689979,0.0841429625,0.0844535051,0.0596171888,0.1030661714,0.1010567615,0.116735591
05/1978,0.038289905,0.0192671071,0.0189674229,0.0073506056,0.0158774315,0.0091167676,0.0366193669,0.0329067224,0.0436984062,0.0723029166
06/1978,-0.01560458,0.004672871,-0.017945863,-0.012851354,-0.022831446,-0.01861409,-0.011386141,-0.012256871,-0.002828639,0.0081027041
07/1978,0.0559427738,0.0562542154,0.0561423647,0.0574948528,0.0463667152,0.0599563249,0.0624713084,0.059230393,0.0660233947,0.0633354668
08/1978,0.0598675523,0.046202891,0.0361982561,0.0299199504,0.0394436185,0.0240844337,0.0556211094,0.0538580855,0.0689061098,0.0800541129
09/1978,-0.04184174,-0.023113494,-0.025610421,-0.006253369,-0.003137162,-0.007389166,-0.010001353,0.0028180167,0.0045714308,-0.000779924
10/1978,-0.203994519,-0.128189661,-0.117920215,-0.085832589,-0.102204296,-0.086943309,-0.099307356,-0.127621267,-0.131129045,-0.19116043
11/1978,0.0041152004,0.0288013635,0.0202864377,0.0339728645,0.0424723921,0.0386170779,0.0580011231,0.0851028771,0.0994318166,0.1451191312
12/1978,0.0197440926,0.0128953194,0.0091781217,0.0100659989,0.0221040188,0.0289061764,0.003127752,0.0185820909,0.0086846838,0.0280890874
01/1979,0.0363757463,0.0459659499,0.0264102719,0.0411265163,0.0376348467,0.0530219336,0.0571690059,0.0816298176,0.0787812609,0.1020903224
02/1979,-0.036118075,-0.033080685,-0.03155675,-0.033634489,-0.029378126,-0.021373837,-0.027338096,-0.032655992,-0.033905411,-0.023040885
03/1979,0.0982432666,0.0728307901,0.0701405953,0.0587107016,0.0505268706,0.0569440444,0.0621189123,0.0618116024,0.0692882745,0.1011664802
04/1979,0.0223224086,0.0000210342,0.0008017657,0.0092516526,0.0118517384,-0.00801939,0.0117672582,0.0065938042,0.0255963871,0.0177511377
05/1979,-0.023811589,-0.022017564,-0.011853421,-0.021364054,-0.002239295,-0.016442965,-0.01364375,-0.011797299,-0.003613767,-0.024430131
06/1979,0.0649004755,0.051327122,0.0371948633,0.0452176125,0.0223371968,0.0581555401,0.0500352034,0.0687376935,0.0586130782,0.0742636332
07/1979,0.0030876593,0.0143614487,0.0207423015,0.0235632646,0.0126891641,0.006974169,0.0062679351,0.0236995736,0.0381219642,0.0309906087
08/1979,0.0551121112,0.0562003482,0.0633200004,0.0684720856,0.0605375955,0.062801896,0.047954884,0.0765796478,0.0765324454,0.0719411939
09/1979,-0.005654155,0.0045031326,-0.004725224,0.033859018,-0.008205608,-0.013574577,-0.015765809,0.0159995978,0.0115900255,-0.006602802
10/1979,-0.075674998,-0.074407691,-0.076053711,-0.077422555,-0.057151318,-0.067959301,-0.061558428,-0.075301453,-0.084954671,-0.110200653
11/1979,0.0708865865,0.0576327868,0.0410602097,0.0617158108,0.0472222208,0.0611327637,0.0772247803,0.0820804364,0.077949249,0.1205079498
12/1979,0.0775003471,0.0523971656,0.0391098807,0.031475992,0.0269958474,-0.000517343,0.0204411749,0.0245035055,0.0132565021,0.0606285602
01/1980,0.0851958156,0.0864756794,0.0693012548,0.0797760026,0.0387168876,0.0510553518,0.0416356954,0.039944465,0.0899883371,0.0946207772
02/1980,-0.020217715,0.0097761623,-0.009922198,-0.018263625,-0.031266032,0.0063578061,0.0125231801,0.0279647771,-0.005861853,-0.024166773
03/1980,-0.18850274,-0.156182685,-0.087081289,-0.104125895,-0.0976098,-0.085600339,-0.084416329,-0.107820238,-0.094493006,-0.165535842
04/1980,0.046770844,0.0394412571,0.0627904865,0.0540702499,0.053722177,0.0327550383,0.0559218114,0.0516496928,0.0822424351,0.0931404893
05/1980,0.0590055586,0.0694110806,0.0384087495,0.0494582106,0.0459557266,0.0565939645,0.0609473785,0.070030021,0.0926142805,0.0914743576
06/1980,0.0118131928,0.0350686913,0.0255425586,0.0352365781,0.0367732927,0.0248076088,0.0377100212,0.0472692248,0.0547743265,0.0654480913
07/1980,0.0681981751,0.0545847625,0.083434884,0.0771024132,0.0794548377,0.0433998315,0.0537194789,0.0862530365,0.0945401139,0.0844886193
08/1980,0.0490776616,0.0299453017,0.0217331595,0.0031359462,0.0165583953,0.0134542678,0.0240014269,0.0334486444,0.0451826563,0.0534977112
09/1980,0.0246709108,0.0381486967,0.0528842447,0.0276685348,0.0352897528,0.0090981285,0.0554029074,0.0168771682,0.0318105436,0.0379196127
10/1980,0.0407972718,0.0474422445,0.0250417192,-0.000601966,0.0018897311,0.0040061692,0.0093894772,0.0205994919,0.0464161446,0.0061620397
11/1980,0.1466418086,0.1409382488,0.1289765389,0.130198088,0.0979536489,0.0569707234,0.0821818216,0.0916018843,0.0805522857,0.1074790211
12/1980,-0.061853179,-0.075477389,-0.035854824,-0.011574245,-0.004313557,-0.035317472,-0.0268165,-0.001571864,-0.014195764,-0.029503536
01/1981,-0.047166914,-0.070103387,-0.019915569,-0.022760963,-0.034035646,-0.022466193,-0.038062262,-0.069593831,-0.057523825,-0.04143512
02/1981,0.0151572668,0.0167647144,0.0188252955,0.0306247327,0.0105761016,0.0302036346,0.015435706,0.0051839112,0.0189207659,-0.000864937
03/1981,0.042171624,0.0342556063,0.0463878447,0.0370226326,0.030058758,0.0468346712,0.081177004,0.0204548903,0.1066745729,0.0931240784
04/1981,-0.009564467,-0.041022287,-0.01618116,0.0074284324,-0.019500285,-0.030535476,0.0039453972,-0.017543874,-0.004158715,0.0134007933
05/1981,0.0475618439,0.014649023,-0.006984624,0.0096360685,0.0448620187,0.0253945985,-0.004750873,0.0118349231,0.0081925004,-0.011219022
06/1981,-0.040424655,-0.026341809,-0.027470585,-0.009272829,-0.017199075,-0.00307447,0.0130163235,0.0077455315,0.0065056385,-0.005989537
07/1981,0.0232908237,-0.03433565,-0.000638928,0.002909903,-0.014630333,-0.008986974,-0.017867543,0.0126294848,0.0095883942,0.0256883746
08/1981,-0.07631455,-0.062368242,-0.064790107,-0.061047979,-0.041701931,-0.067435694,-0.04587637,-0.053725897,-0.052739973,-0.054449255
09/1981,-0.085118189,-0.060829448,-0.054628578,-0.03518222,-0.054918184,-0.075837378,-0.065648154,-0.05121304,-0.071788045,-0.083877126
10/1981,0.0534785942,0.0385570863,0.053489983,0.0399053171,0.0190836559,0.0941521915,0.0883852695,0.1084273917,0.0768302654,0.1066673265
11/1981,0.0285933875,0.0460013942,0.0199087472,0.0376207631,0.0387295362,0.0313951243,0.0510423438,0.0551123029,0.0549123796,0.0706599202
12/1981,-0.051265169,-0.031530699,-0.040218225,-0.025754046,-0.012873516,-0.029354895,-0.038027265,-0.018741931,-0.011013962,-0.025294106
01/1982,-0.056935963,-0.041404034,-0.055309979,0.0085855468,-0.022984515,-0.031936418,-0.004550647,-0.027339905,-0.022596285,-0.043566693
02/1982,-0.038990825,-0.033104911,-0.043595967,-0.053084409,-0.036528192,-0.055295673,-0.066613339,-0.051484958,-0.053105003,-0.07615218
03/1982,-0.018517843,-0.013739515,0.0006701954,-0.012928437,-0.005239384,0.0057902706,0.0002752508,-0.010361602,-0.027996878,-0.025743832
04/1982,0.0249586249,0.0426698986,0.0543497702,0.0338451074,0.0227699384,0.0488117558,0.0520432576,0.0680796365,0.0578722282,0.0521471058
05/1982,-0.035614487,-0.040919207,-0.040469615,-0.036442342,-0.027107463,-0.033977113,-0.022013696,-0.016441171,-0.003628766,-0.036768291
06/1982,-0.011565211,-0.045461944,-0.035256997,-0.006716118,-0.015658113,-0.016229443,-0.011149162,-0.010962002,-0.02185772,-0.054621153
07/1982,-0.024963457,-0.026158048,-0.022985317,-0.022215739,-0.006390341,-0.010790656,-0.022347431,-0.037921812,-0.029794713,-0.035065576
08/1982,0.0968535698,0.1134324833,0.1084084265,0.1031509284,0.1268083971,0.1390028606,0.1350656246,0.1117338499,0.1137251119,0.1313642318
09/1982,-0.010634412,0.0068112149,0.0187243676,0.011863137,0.0144325752,0.025558113,0.0316503227,0.0356918027,0.0391772137,0.03659241
10/1982,0.1203556615,0.1126008762,0.0963166919,0.1070450163,0.1115634402,0.1006127655,0.1170434661,0.1186216998,0.1787961093,0.176908529
11/1982,0.1128640826,0.0619239923,0.042475349,0.0499900491,0.0265999092,0.0355521617,0.0459549887,0.0732069878,0.0576956074,0.0728437835
12/1982,-0.034483559,-0.001789089,0.0116509703,0.0021914847,0.0140248893,0.0296004328,0.0100105948,0.0245762635,0.0182290834,0.0326790477
01/1983,0.0221507472,-0.005235984,0.0116152072,0.0348386034,0.0413649781,0.0695309655,0.0578444581,0.0463211414,0.058156038,0.0837508423
02/1983,0.0102363139,0.0300795556,0.0132697111,0.0298382542,0.0501208285,0.0274684192,0.0318042299,0.0512379327,0.0400093609,0.0397251689
03/1983,0.0256085206,0.0289852129,0.0194087082,0.0399912583,0.0201395988,0.0522122034,0.0225856824,0.0555165598,0.0591071243,0.0444577088
04/1983,0.0809693488,0.0714880508,0.0617881843,0.064622434,0.0637788979,0.1065045281,0.0688448848,0.0613126796,0.0679940299,0.0874550712
05/1983,0.0388823713,0.0050021313,0.000146916,-0.001752618,-0.011253572,0.0194226444,0.0229078024,0.0312865155,0.0398764415,0.0532775715
06/1983,0.0445389315,0.0444199222,0.0276408258,0.0395532643,0.0548861123,0.0183731653,0.022971624,0.0423033991,0.0388707903,0.0548018625
07/1983,-0.062501925,-0.042317495,-0.050498254,-0.030039729,-0.025902655,-0.033040785,-0.024143079,-0.017165979,-0.008912044,-0.050904592
08/1983,-0.014120687,0.0131862112,-0.016732452,-0.004854599,0.0023343729,0.0275993165,0.0055600884,0.0018834581,0.0051634852,-0.008135437
09/1983,-0.009729862,0.0095143309,0.0061194079,0.0290921505,0.0117766944,0.0097184841,0.0304606258,0.0236892423,0.0420094717,0.0288356534
10/1983,-0.051905091,-0.031398487,-0.016021891,-0.018182195,-0.011413596,-0.019790124,-0.0254845,-0.030442753,-0.035639357,-0.069749198
11/1983,0.0281291761,0.0193689093,0.0118789728,0.0067487722,0.037331315,0.0279496131,0.0320080012,0.0592934874,0.0409972782,0.0736396549
12/1983,-0.040264681,-0.025629605,-0.013678442,-0.015728712,-0.007797834,-0.011680775,-0.009668256,0.0055519523,-0.003934265,0.0004436873
01/1984,-0.005774614,-0.015968702,-0.029154063,-0.031254025,-0.010006155,0.0138115581,-0.006577788,-0.023117363,-0.020675723,0.0208024157
02/1984,-0.014469806,-0.053722901,-0.036519243,-0.044441375,-0.05014227,-0.036305333,-0.041369086,-0.042407436,-0.039595671,-0.04485192
03/1984,-0.007029511,0.001014764,-0.003498065,0.013060654,0.0149841847,0.0186362475,0.0286997679,0.0252774878,0.0412277158,0.0150494708
04/1984,-0.014878198,-0.000358231,-0.015747369,0.0011069037,0.0009979758,0.0259519095,0.0068700435,0.0114974283,0.0163785891,-0.015197322
05/1984,-0.078969056,-0.061946585,-0.052113401,-0.050448292,-0.038355574,-0.062824074,-0.046176023,-0.042810021,-0.057118919,-0.044766975
06/1984,0.0397840161,0.0267229811,0.0138851228,0.0295533477,0.0309953404,0.0137553912,0.0270066876,0.02298357,0.0329684839,0.0338940103
07/1984,-0.03618129,-0.007810835,-0.036096325,-0.021566839,0.0011190279,-0.005959577,-0.00489082,-0.021411257,-0.04056601,-0.04988043
08/1984,0.0852517713,0.0836802171,0.1007517637,0.0994289465,0.0968116695,0.1419679683,0.1356019228,0.1427270228,0.1482436869,0.1664747238
09/1984,-0.027310715,-0.003335183,-0.017988805,-0.00927533,0.009843552,0.0064662068,0.0121086851,0.0017867218,0.0056804053,0.0087783426
10/1984,-0.008251127,-0.013419847,0.0072124628,-0.004252748,0.0101501161,0.0144838314,-0.002293679,0.0019106255,0.0044284407,-0.030203613
11/1984,-0.016488944,-0.016230234,-0.013901198,0.004872444,-0.018162127,-0.008583769,-0.005492182,-0.006834976,-0.007234958,-0.017588889
12/1984,0.0107969968,0.0224366278,0.0230057579,0.0296338277,0.0229257841,0.0219513809,0.0257848327,0.0285650554,0.0318857211,0.0311420674
01/1985,0.0788553973,0.0881988445,0.0757239109,0.0735126438,0.0729850281,0.0777906876,0.0893500875,0.1025575784,0.1146080268,0.1494277324
02/1985,0.0062328449,0.006724892,0.0139264801,0.0204945406,0.0212648474,0.0126732363,0.0137455926,0.0195295143,0.032293889,0.0375672343
03/1985,-0.012348466,-0.003694881,0.0009685389,0.0173974891,0.0128587732,-0.026583909,0.0065182591,0.0011852656,-0.00415725,-0.007722095
04/1985,-0.017270409,-0.016259018,-0.00486069,0.0046816521,0.0021685569,0.0062802046,-0.005297125,0.0008716696,0.0097347077,-0.020686936
05/1985,0.050598837,0.0606021721,0.0530387693,0.057753876,0.050220967,0.0641564592,0.061315283,0.0595694825,0.0639586188,0.0457191464
06/1985,0.0164079998,0.0133518713,0.018347176,0.0167926921,0.0289847564,0.0049358115,0.0274519292,0.0285008676,0.0099201956,0.0204300955
07/1985,-0.001108636,-0.011024099,-0.009717803,-0.01321371,-0.015096197,0.0129838367,0.0051573399,0.0068464387,0.0129529522,0.0326916512
08/1985,-0.004826444,0.0029922838,-0.016980113,-0.016314647,-0.006581937,-0.001408825,-0.002462992,0.008855076,-0.000403157,-0.001417095
09/1985,-0.043543549,-0.026649289,-0.034658291,-0.038274467,-0.03761004,-0.035483786,-0.035351715,-0.044010156,-0.044862459,-0.068291857
10/1985,0.0252377311,0.045787247,0.0366044781,0.0473493116,0.0529483853,0.0607249486,0.0468753269,0.0461981959,0.0450937746,0.0533908951
11/1985,0.0538553198,0.0629124213,0.0517112704,0.0711319517,0.0684199637,0.0737436145,0.075405853,0.0974362186,0.0850570519,0.0801777997
12/1985,0.0216430772,0.0296697526,0.0425760255,0.0476705831,0.0747657475,0.0344951681,0.0435048825,0.0569125886,0.0474178335,0.030988782
01/1986,0.0136304782,-0.010048706,0.0187475705,0.0023165552,0.0041893774,0.0307863409,0.0162919553,0.0196825414,0.0133123856,0.0188841607
02/1986,0.0735017108,0.0751726743,0.0780316875,0.0848857975,0.0751683686,0.0670517459,0.0653595602,0.1088984379,0.0667330556,0.0642597441
03/1986,0.0432189774,0.054678807,0.0438917661,0.0588353446,0.053912045,0.050990642,0.0583007729,0.0626686974,0.0672288319,0.0543528287
04/1986,0.0061316288,-0.031166355,-0.023929134,-0.004429989,-0.014074757,-0.015378766,0.0034372302,0.013912784,0.0062852359,-0.000827607
05/1986,0.0359440522,0.0406715254,0.0575692763,0.0628423977,0.0432940578,0.0528577527,0.0592449557,0.0543717592,0.0485685399,0.0585540319
06/1986,0.0015214896,0.0158244886,0.041679919,0.0250436869,0.0087142706,0.0185842303,-0.002758179,0.0146292527,0.0224306613,-0.001152487
07/1986,-0.073966534,-0.060940705,-0.047731891,-0.030301614,-0.055053555,-0.067576877,-0.050185453,-0.073642931,-0.082289825,-0.101349453
08/1986,0.0455576018,0.0729904015,0.0635452295,0.0598582422,0.069059877,0.0551298624,0.0546120811,0.0759560427,0.0830081034,0.0904538066
09/1986,-0.066100499,-0.083334569,-0.098531082,-0.089545727,-0.069734715,-0.096379885,-0.071565218,-0.084796794,-0.063754953,-0.06430074
10/1986,0.0267144782,0.0433667575,0.0498285107,0.0157198877,0.0545346096,0.0537792492,0.0503314901,0.0715738782,0.0602990538,0.0936177016
11/1986,-0.017844878,-0.00206613,0.023077301,0.0161242212,0.0178817267,0.0236606623,0.0291278968,0.0168175145,0.0109103623,0.0072511888
12/1986,-0.039878154,-0.02704159,-0.027448666,-0.037043309,-0.015376044,-0.032122509,-0.022444778,-0.022294057,-0.023570365,-0.026011079
01/1987,0.0937262634,0.1195967374,0.1130187892,0.1445122078,0.1359766806,0.1548609729,0.1137980815,0.1227587464,0.1383373979,0.1174268775
02/1987,0.0512079822,0.0617168467,0.0376949739,0.0346253327,0.0491602231,0.0568265317,0.044499157,0.04926394,0.0561081907,0.081673751
03/1987,0.0045943945,-0.004550697,0.0139126939,0.0164934279,0.0422231619,0.0153764148,0.029487454,0.0335507299,0.0150731534,0.0171746957
04/1987,-0.022415176,-0.022417892,-0.015787341,-0.002616802,-0.029356932,-0.008800252,-0.012689158,-0.029776353,-0.014692671,-0.012692254
05/1987,0.0063485836,0.0064044007,0.0133097992,0.0007873666,0.0002984535,-0.004919468,0.0101633362,0.0039759753,0.0075711996,0.0079237269
06/1987,0.0055110424,0.0434596073,0.0425793584,0.0569607432,0.0409706557,0.0389119123,0.0487243932,0.0583768743,0.0559573904,0.0314064428
07/1987,0.0423814233,0.0449377568,0.0474512108,0.0388070664,0.0501189464,0.0304982468,0.0357315616,0.0509320245,0.0511247758,0.0389348511
08/1987,0.007568837,0.0263719209,0.0317048188,0.0259075753,0.0543001674,0.0437302635,0.0510053324,0.0452730596,0.0422295166,0.0488463702
09/1987,-0.002722009,-0.002340645,-0.031605519,-0.027301392,-0.039476457,-0.011207849,-0.033278111,-0.025829397,-0.008664584,-0.018115835
10/1987,-0.292061788,-0.257614549,-0.230434908,-0.206913645,-0.197424975,-0.187316435,-0.233614299,-0.211233914,-0.249860269,-0.29195982
11/1987,-0.074587105,-0.083376726,-0.089788085,-0.083394695,-0.050045938,-0.066805197,-0.076484211,-0.033902486,-0.05470704,-0.0621718
12/1987,0.0530660386,0.0787528058,0.0805238997,0.0491416407,0.0734298815,0.0578362683,0.0639367207,0.0831614861,0.1025402348,0.1156788326
01/1988,0.010325463,0.0090166505,0.0370585337,0.0323281064,0.0595766509,0.0658626058,0.0509304549,0.0620372655,0.0531336402,0.0870796043
02/1988,0.0611941288,0.0493199333,0.0547018488,0.035865164,0.032051164,0.048467779,0.0502994518,0.0820008119,0.0564168293,0.0926624635
03/1988,0.0160614147,0.0297360748,-0.019432425,-0.017962706,-0.018119759,-0.034434846,-0.030944681,-0.028889296,-0.008460299,0.0145517277
04/1988,0.0076213183,0.0013947609,0.0182311111,0.0113809113,-0.002200674,0.0008075048,0.0125916258,0.0167501124,0.0137319388,0.0143606968
05/1988,-0.003275469,-0.001627667,-0.009092102,0.0114044699,0.0085501612,0.0098766575,0.000949625,-0.004556408,-0.000595814,-0.004751165
06/1988,0.0584058179,0.0472181644,0.0388078475,0.0723803911,0.0440329732,0.0337575641,0.0602338363,0.0624617851,0.0730048118,0.0823467841
07/1988,-0.027809864,-0.018209858,-0.025338335,-0.006990725,-0.000972567,0.0023271367,-0.00173949,-0.004754394,-0.006574531,0.0043237452
08/1988,-0.027444904,-0.029927211,-0.039728205,-0.027593344,-0.015243047,-0.02569413,-0.026145457,-0.027133355,-0.026929126,-0.040228394
09/1988,0.0263071103,0.0326330623,0.0339675092,0.0439423826,0.0396435888,0.0366303741,0.0485162371,0.045508608,0.0301980802,0.0349639595
10/1988,0.0044652029,0.006899258,0.0154524403,0.0335304686,0.0316471873,0.0246661017,0.0072084222,0.0060922998,-0.003131887,-0.003329949
11/1988,-0.005654153,-0.021940011,-0.01949671,-0.011421716,-0.015704386,-0.016402011,-0.008325311,-0.028086833,-0.023105554,-0.038414006
12/1988,0.0133208681,0.0226504125,0.0135119773,0.0173237892,0.0245512467,0.0215717132,0.0227783481,0.0199047071,0.0456707187,0.0534650271
01/1989,0.0524507842,0.0403426905,0.0741546314,0.052187503,0.0637270137,0.0651501362,0.0718231429,0.0744372747,0.0791521425,0.0792117458
02/1989,-0.007623562,-0.01423932,-0.016792572,-0.024305754,-0.029427261,-0.021669011,-0.010956709,-0.002628557,0.0070367293,0.0023313148
03/1989,0.0143345434,0.0188923856,0.0202665521,0.0207534835,0.0299692807,0.0250156896,0.001990324,0.0362860875,0.0342858791,0.0090344838
04/1989,0.0490072346,0.0493105344,0.0474763131,0.0464285012,0.0521055301,0.0623918189,0.051150602,0.0387462108,0.0496604536,0.045701464
05/1989,0.0499229465,0.0476513267,0.0531909133,0.0267906049,0.0432768762,0.0364133931,0.0441088412,0.0404180738,0.0412589008,0.0239504079
06/1989,-0.038673518,-0.021784977,-0.021205329,0.0015658074,-0.008347921,-0.002604105,0.0086662227,-0.001449157,0.0070120303,-0.010286516
07/1989,0.0466220541,0.0632327618,0.0658090486,0.0721464859,0.1006008731,0.0897439046,0.0893538013,0.0849378667,0.0802913536,0.042934242
08/1989,0.0206686558,0.0241562718,0.0166372721,0.0214814412,0.0258092913,0.0119030137,0.0232246431,0.0333751802,0.0391391648,0.0238072876
09/1989,-0.008091621,-0.009874794,-0.007193765,0.0043987733,-0.01066002,0.0057321708,0.0162332044,-0.005350853,0.0012240313,-0.008215979
10/1989,-0.035812671,-0.026454383,-0.027517155,-0.021580457,-0.013354292,-0.015278377,-0.027989577,-0.06516859,-0.050152061,-0.093222234
11/1989,0.0020629756,0.0230410419,0.0195326542,0.0207861036,0.0277090812,0.0101863229,0.0123729252,0.0078225858,0.027134938,-0.002993708
12/1989,0.0281905356,-0.000860332,0.0241423608,0.0131551347,0.0251889134,0.0256556863,0.0244596207,-0.000112077,0.0037229931,0.0080741379
01/1990,-0.09684766,-0.080119574,-0.074328645,-0.063242778,-0.05828222,-0.055836409,-0.077067137,-0.092112262,-0.084600579,-0.091239067
02/1990,0.0229457858,0.0069859594,0.0201684895,0.019549429,0.0151939005,0.0077423003,0.015686882,0.0206897082,0.0184707122,0.0602005295
03/1990,0.0377701601,0.0167914417,0.0176962181,0.0238043428,0.0252068815,0.0254864569,0.0190816465,0.0174488069,0.0470152487,0.0312743068
04/1990,-0.029424206,-0.038434525,-0.03864217,-0.019719294,-0.021839296,-0.02804582,-0.016095464,-0.032865146,-0.026942284,-0.054305678
05/1990,0.0925578369,0.0943694131,0.1076138477,0.0721285038,0.0979409115,0.0943019737,0.0789607615,0.0996427031,0.095177097,0.0972258357
06/1990,-0.019333273,0.0029261959,-0.009016935,0.0091345747,0.0002235825,-0.019404321,-0.001819153,-0.016716905,-0.010296599,0.0039162973
07/1990,-0.059080027,-0.01886243,-0.028227531,0.0213866413,0.0002275693,-0.006446319,-0.001014715,-0.015846819,-0.047273713,-0.058756985
08/1990,-0.096797733,-0.087260714,-0.085987165,-0.096451441,-0.090578347,-0.090796548,-0.090267999,-0.107558814,-0.128319378,-0.113607436
09/1990,-0.045061078,-0.05889377,-0.04351605,-0.041258887,-0.060074641,-0.041458095,-0.061742407,-0.075327869,-0.103239594,-0.121978226
10/1990,-0.016008546,-0.009635027,-0.018510816,-0.004124255,-0.002499974,-0.008504053,0.002618766,-0.027025678,-0.04954619,-0.056462144
11/1990,0.0849022417,0.0489280197,0.0622043358,0.0588247513,0.0718285004,0.0739328387,0.0793781607,0.0671722673,0.1203856606,0.1417037947
12/1990,0.0323572729,0.0368730305,0.0529384372,0.0331409862,0.0269507627,0.0274373366,0.0272094265,0.0232452559,0.0266976148,0.015003929
01/1991,0.0842672793,0.0828861195,0.0356133352,0.0435035806,0.0392329964,0.0486423464,0.0531481896,0.0654592595,0.0826947642,0.1057869141
02/1991,0.1076417243,0.0720235782,0.0805145658,0.0756875869,0.0799435021,0.0692028494,0.0737721622,0.0666285067,0.0776189774,0.132455684
03/1991,0.0418362881,0.0412341592,0.032493661,0.0281239339,0.0208503582,0.0304907726,0.0172970929,0.0323316425,0.0452160865,0.0631405203
04/1991,-0.035384257,-0.017024366,-0.002783844,0.0089098645,0.0113844446,0.0088716709,0.002190993,-0.001260481,-0.004732157,0.0236328092
05/1991,0.0526353965,0.0455280184,0.0524444971,0.0429102497,0.0392053653,0.0215077834,0.0443424552,0.0445110976,0.0717996118,0.0370454087
06/1991,-0.070115968,-0.057273861,-0.062506329,-0.048820715,-0.033438933,-0.043853281,-0.029267129,-0.03426694,-0.050033905,-0.048960291
07/1991,0.0396104617,0.0465891071,0.0484465682,0.0443438319,0.037081455,0.05037893,0.0480391173,0.052435508,0.0605092992,0.0702037052
08/1991,0.0458497104,0.0481701844,0.01397963,0.030601186,0.0232671797,0.0198240161,0.0181811779,0.0203038319,0.0438284724,0.0335081675
09/1991,-0.008230514,-0.023975643,-0.014362748,-0.011229383,-0.01093167,-0.007848832,-0.000462256,-0.008856115,-0.032339529,-0.013025551
10/1991,0.0491035634,0.0108761167,0.027467486,0.0212333999,-0.002403885,0.0132355503,0.0076250422,0.0276218587,0.0211810055,0.0299443675
11/1991,-0.054484256,-0.04555254,-0.033048516,-0.04532134,-0.018573261,-0.03329641,-0.045426889,-0.049045861,-0.048264886,-0.051285787
12/1991,0.1047458624,0.1381956581,0.0956297891,0.1131469897,0.0933319743,0.1085912262,0.1184006467,0.1323553035,0.1101992866,0.1248278126
01/1992,-0.002499037,-0.026156998,-0.006189746,-0.023631447,0.0064216164,-0.018266965,0.010145422,0.0453014945,0.0724640959,0.1391320699
02/1992,0.0366851535,0.0406371054,0.0232322265,0.032128566,-0.006123272,0.0165619471,0.0068598961,0.0103226654,0.0069646453,0.0235687875
03/1992,-0.031763759,-0.035249458,-0.021562279,-0.036316104,-0.011004539,-0.01658491,-0.026581391,-0.02086419,-0.026808274,-0.027845322
04/1992,-0.004041758,0.0026065525,0.0148309735,0.0257786338,0.0199091158,0.0193048768,0.0277595683,0.0282115478,-0.015153847,-0.048049806
05/1992,0.0067645692,0.0028874343,0.0008787221,0.0062171489,0.0075596406,0.0011814607,0.0033213856,0.0267178027,-0.000957522,0.0059701302
06/1992,-0.039524533,-0.03795111,-0.016632845,-0.025048311,-0.00812103,-0.013123873,-0.011201069,-0.016423097,-0.035226874,-0.047619117
07/1992,0.012641961,0.0198396778,0.0326162509,0.0444191865,0.049164233,0.0431738697,0.0573435682,0.0478215095,0.0511123533,0.0409728468
08/1992,-0.038169035,-0.013989407,-0.026811398,-0.019338347,-0.014932801,-0.012905839,-0.017780592,-0.042023739,-0.023966731,-0.02411765
09/1992,0.0158698558,0.0256025441,0.0134172182,0.0186523421,0.0055502147,0.0187610622,0.0078945608,0.0184738665,0.0318637737,-0.01258906
10/1992,0.044817075,0.0214916687,0.019707299,0.006203908,0.0056319375,0.0062010735,0.0071479939,-0.011341444,0.0383637972,0.0582855271
11/1992,0.0724751908,0.0462690598,0.0472460621,0.0349612652,0.0468141972,0.0147709801,0.0392570375,0.0470126634,0.0767364563,0.058636523
12/1992,0.0241278694,0.0245457868,0.0114066164,0.025656748,0.0155749508,0.0201339491,0.0163621484,0.0038158282,0.0370970739,0.0121109776
01/1993,0.0362982162,0.0201613179,0.0077541814,0.0014592417,-0.000162701,0.0000321972,0.0268053663,0.0094680501,0.0258751437,0.0393441651
02/1993,-0.003137205,-0.010370697,0.0032147222,0.0039724008,0.0077105972,-0.006816986,0.0200177224,0.0017767442,0.0045727371,0.0037166447
03/1993,0.0322909134,0.0101483174,0.0232271034,0.0256760563,0.0338267484,0.0286361772,0.0266877112,0.0263118242,0.0171586565,0.0402066166
04/1993,-0.033137426,-0.017563793,-0.018295613,-0.02001618,-0.016657154,-0.045592406,-0.014486965,-0.045043994,-0.028489159,-0.041790002
05/1993,0.0496379127,0.0307245541,0.0177356586,0.0217979034,0.0303386348,0.0296005521,0.0185808425,0.0395263163,0.0414177148,0.0591035513
06/1993,0.0111883189,0.0100963166,-0.009004017,0.0136699291,-0.01415588,0.0194000435,0.0021018438,0.004346133,0.01652894,0.026120727
07/1993,0.0128510918,0.0038674774,-0.002142996,0.0017336394,0.0035676863,0.0050097636,-0.017342953,-0.004269756,0.0064608557,-0.01227315
08/1993,0.0555699752,0.0318836266,0.0352026181,0.0359288112,0.0309119114,0.0328128862,0.0400791599,0.0471863612,0.0615780964,0.0335973982
09/1993,0.0113427103,0.0004444732,-0.006581584,-0.005178769,0.0060958302,-0.005535094,0.0011161962,-0.000110429,0.017692194,0.0227474409
10/1993,0.0209058192,0.0179251088,0.0070179508,0.0064611527,-0.000107299,0.0188913372,0.0177724027,0.0213989412,0.0123369978,0.0588637489
11/1993,-0.028861225,-0.005824436,-0.003952508,-0.021042039,-0.021920939,-0.00524892,-0.014760604,-0.030647537,-0.01729152,-0.003515499
12/1993,0.013145937,0.000242579,0.010036574,0.0175181946,0.0193229565,0.0224729453,0.027387173,0.0294348989,0.0457961784,0.0301583359
01/1994,0.0095254906,0.0319296198,0.0178410592,0.0074543333,0.0286519667,0.0401709472,0.0445268532,0.0318873104,0.0549455859,0.0495132254
02/1994,-0.027592526,-0.022460711,-0.024191929,-0.028513102,-0.022107806,-0.025645291,-0.015632786,-0.032842162,-0.019366976,-0.010259826
03/1994,-0.070921108,-0.041661742,-0.059011054,-0.042125827,-0.039520786,-0.04067973,-0.044807069,-0.039361023,-0.036556117,-0.05977932
04/1994,-0.00927234,0.0139044397,0.0246168826,0.0115624431,0.010036886,0.0061925486,0.0064910561,0.0186185998,0.0173258566,-0.016870301
05/1994,-0.005426328,0.0176771325,0.0050425598,0.0131362955,-0.00022345,0.0110082566,0.0076471938,0.0158108897,0.0191045174,0.0009511595
06/1994,-0.033428517,-0.035651333,-0.030244787,-0.031526564,-0.037678761,-0.019738137,-0.014177717,-0.017342791,-0.010294979,-0.05621715
07/1994,0.0133263315,0.0205219665,0.0309769973,0.0212537914,0.0198721181,0.0362897784,0.0404905985,0.0380761434,0.0414676627,0.0395935651
08/1994,0.03979943,0.0404061578,0.0489390553,0.033113069,0.0400902036,0.0392730042,0.0447058497,0.0582582972,0.0430359045,0.0731299411
09/1994,-0.001790171,-0.02149853,-0.02117514,-0.019338089,-0.032829595,-0.019879918,-0.018243806,-0.010375218,-0.026766607,0.0068270107
10/1994,0.0172304463,0.0025450949,0.001494339,0.0192328171,0.0174212042,0.0242570955,0.0053180343,0.0352250443,0.011963661,0.01646039
11/1994,-0.04404147,-0.027244377,-0.035749315,-0.035854545,-0.033104699,-0.028073655,-0.048000531,-0.040695143,-0.050726385,-0.045309164
12/1994,-0.000762021,0.0037717729,0.0172792915,0.0017621105,0.0268851965,0.0196170175,0.0208467131,0.0210765405,0.0164527135,0.0043694593
01/1995,-0.036595077,-0.000608739,0.0061739838,0.0244195614,0.0257623008,0.0322467938,0.0254027034,0.0430131631,0.0311064381,0.0297486156
02/1995,0.0190780042,0.0297015079,0.0363534319,0.0306880684,0.0390760412,0.0503522971,0.0578455279,0.0516390945,0.0523608999,0.0502502145
03/1995,0.036388404,0.0246695746,0.0187572019,0.0279825141,0.0288744097,0.0322733841,0.0230281717,0.0301263072,0.0193022486,0.0162077944
04/1995,0.0277301292,0.0251801637,0.0374672451,0.0160345328,0.0171124031,0.0348136339,0.0234730223,0.0291053148,0.0194781982,0.0239054603
05/1995,0.0260644215,0.0324349973,0.0299385179,0.0282832104,0.0307835033,0.0484029928,0.0434235681,0.0332651996,0.0437635397,0.0284479776
06/1995,0.0323791491,0.0405611331,0.025721788,0.0212047916,0.0155982204,0.0382360096,0.0350002528,0.0428873169,0.0540881728,0.067876481
07/1995,0.0770516421,0.0601763114,0.0465956374,0.0254841465,0.0232049145,0.0414430828,0.0433121556,0.0479154998,0.0367980608,0.0659680123
08/1995,0.0077281999,0.0128439999,0.0076615199,0.0038641071,0.0005383881,0.0102241272,0.0183083894,0.0207402583,0.0077349429,0.0157778146
09/1995,0.0221704772,0.0130611324,0.0330355077,0.0566530632,0.0346196273,0.048433127,0.0458473079,0.0440055514,0.0089284049,0.0354118633
10/1995,-0.021967709,-0.006319505,0.0016549294,-0.024359337,-0.007780618,-0.01364815,0.0079066743,-0.005104645,-0.015257474,-0.04380702
11/1995,0.0376453673,0.0233354444,0.0485517905,0.0453904204,0.0600517811,0.049476233,0.0611727756,0.0400580626,0.0230098026,0.0440229288
12/1995,0.0075893288,0.0095446802,0.0058645939,0.0140430989,0.0187339943,0.0399545611,0.0265586788,0.0359137886,-0.007195269,-0.028288618
01/1996,-0.009261766,0.0059437746,0.0227544945,0.0292302174,0.0315285247,0.0227290529,0.0313252971,0.0328316149,0.053523105,0.0240150169
02/1996,0.0335463521,0.0097086462,0.0107454894,0.0050514437,0.0085933058,0.0062851152,0.0262385063,0.037734252,0.0294046377,0.051933833
03/1996,0.0148816476,0.0175419801,0.0155920927,-0.004231344,0.0137657545,0.0201163298,0.0120668434,-0.001355077,0.0298712785,-0.000152567
04/1996,0.0807962561,0.0223521482,0.0188486038,0.0068265142,0.0148703646,0.0174465682,0.0195815853,0.0238804018,0.0465016506,0.076052223
05/1996,0.0494517765,0.0303037833,0.0335202479,0.0188430547,0.0256371937,0.0318071874,0.0298090056,0.0137305269,0.0262453897,0.0342101488
06/1996,-0.069039195,-0.012679665,-0.005941295,0.0151975617,0.0005857102,0.0042829631,-0.002553264,-0.001878637,-0.024854608,-0.064737717
07/1996,-0.077578484,-0.073615071,-0.035171271,-0.039165802,-0.053203103,-0.035276274,-0.0512328,-0.061688203,-0.076153032,-0.114287049
08/1996,0.048314869,0.0167240296,0.0232199651,0.0275636933,0.0200441356,0.0271321153,0.0411143075,0.0274880069,0.0487543786,0.0865902501
09/1996,0.0525762886,0.0373642296,0.0417227988,0.0436089556,0.0644285119,0.061177815,0.0570981926,0.0582567911,0.066516268,0.0526772559
10/1996,-0.008492967,0.0251307386,0.024194393,0.0213422713,0.0178758019,0.0226532637,0.0239996341,0.0010702856,-0.023954061,-0.055091501
11/1996,0.0523493688,0.0680549227,0.0804809825,0.0601977263,0.0635270927,0.0518172129,0.0688164504,0.0651008415,0.0960997018,0.0544445503
12/1996,-0.006725516,-0.007371351,-0.025447908,-0.01284832,-0.021956334,-0.005788782,-0.009531996,-0.015287962,0.0050980966,-0.006779425
01/1997,-0.000807376,0.0612139529,0.0286886398,0.0678891879,0.0515600059,0.0582837717,0.0501597781,0.0708901435,0.0638144364,0.0426585755
02/1997,-0.04065974,-0.029920942,0.003445221,0.0237149923,0.0139196436,0.0119026735,-0.001013165,0.017098208,0.0046490137,-0.045451723
03/1997,-0.060166269,-0.042271954,-0.026307087,-0.053211439,-0.049682121,-0.050753779,-0.040578119,-0.044270789,-0.043885239,-0.05936119
04/1997,-0.005377287,0.0236584846,0.0169106996,0.0406523302,0.0651709066,0.0709646692,0.0643139119,0.0458038365,0.0372270086,-0.000565804
05/1997,0.0592387324,0.0624466319,0.0664026431,0.0744969888,0.0647098734,0.0586859765,0.0690353759,0.0736837691,0.1061311593,0.1640490944
06/1997,0.0239168376,0.0346404628,0.0515750604,0.046361188,0.0369049626,0.0572746569,0.0594523529,0.048160788,0.051926445,0.0185064298
07/1997,0.0455433873,0.0702317887,0.0796551952,0.0635532046,0.0530603715,0.0745326982,0.0763884782,0.093174537,0.1404401216,0.0805702165
08/1997,0.0029289097,-0.048144121,-0.05171295,-0.039867826,-0.060872822,-0.033131894,-0.037693027,-0.02041788,-0.012205469,0.0063975723
09/1997,0.0677388569,0.0525751921,0.0729326457,0.0555040982,0.0613448819,0.0552074565,0.0574725017,0.0592966339,0.0587866121,0.0467643779
10/1997,-0.077781028,-0.03633745,-0.018077594,-0.010945512,-0.029304171,-0.029268797,-0.043054981,-0.035068827,-0.027252052,-0.049282966
11/1997,0.0056085928,0.0289824961,0.0347334484,0.0461991793,0.0397377086,0.0577635053,0.0342099229,0.0338666214,0.0100580997,0.0080529302
12/1997,0.0059936676,0.0214516906,0.0152330356,0.0210975655,0.0349889923,0.0355465875,0.0248665096,0.0158778788,0.0138650027,-0.032666604
01/1998,-0.029700828,-0.003646274,0.0131623561,-0.016681026,-0.00190974,-0.005267335,0.0340597017,0.0387201711,0.0018547706,0.0428185342
02/1998,0.0649408212,0.0880495954,0.0827990045,0.0581773533,0.0778870792,0.0677125538,0.0615980606,0.0897199506,0.0758358888,0.10901652
03/1998,0.0463114197,0.0316395772,0.0569248937,0.0523506991,0.0521648212,0.0597526269,0.0350019992,0.071173338,0.0338420348,0.0594260307
04/1998,0.0276236071,0.026285642,-0.00583444,0.0095305012,0.0084153843,-0.002424567,0.0069942506,0.0159207608,0.0189921669,0.032074211
05/1998,-0.074072323,-0.034797521,-0.020791014,-0.011860533,-0.018251057,-0.019983909,-0.02094148,-0.001604744,-0.035904179,-0.062159506
06/1998,0.0637001096,0.0344701088,0.0366251858,0.0551928973,0.049749113,0.0041734429,0.0131954571,0.0219101465,0.0303374052,0.003748148
07/1998,-0.014344424,-0.017203562,-0.017133572,-0.019637304,-0.003694157,0.0036468612,-0.056240242,-0.011530247,-0.071676419,-0.079818616
08/1998,-0.203079254,-0.160316482,-0.140835977,-0.126447626,-0.136958024,-0.155090418,-0.167079064,-0.14360382,-0.201526111,-0.242999891
09/1998,0.0636063823,0.0710607285,0.0754189914,0.0513047621,0.0598639325,0.0650045312,0.0721550856,0.0492218437,0.0712432987,0.1394610756
10/1998,0.039922405,0.0510200304,0.068437774,0.0702919005,0.0504985551,0.0767924975,0.0697369066,0.0928295959,0.139102185,0.1541135897
11/1998,0.0483995649,0.0634379165,0.048893624,0.0632837769,0.0674447702,0.0714853331,0.0543786456,0.0874304206,0.0573168869,0.1101944585
12/1998,0.137865706,0.0377773667,0.0505718127,0.0799945445,0.0601634896,0.0439026892,0.0518067126,0.1164987793,0.078155416,0.0680154564
01/1999,0.0608465015,0.0605105191,0.0546590686,0.0250951137,-0.001627985,-0.007998897,0.0740550815,0.0143560452,0.0478004341,0.0987889958
02/1999,-0.081234043,-0.051530685,-0.028078166,-0.022028899,-0.025415804,-0.012482106,-0.037728602,-0.039404983,-0.03869039,-0.039265344
03/1999,0.087135206,0.0441101794,0.0281334461,0.0499420596,0.0235595119,0.0524283859,0.0185949537,0.0225404964,-0.022419097,0.0260415296
04/1999,0.0812461773,0.0735329667,0.0125482742,0.0054922932,0.0652976281,0.0474062042,0.0749121266,0.0988830517,0.049970023,0.0705902463
05/1999,-0.067603157,0.0223432699,-0.027370617,-0.016289434,-0.029832105,-0.035068985,-0.021993382,-0.037822958,0.0155546263,0.0054747391
06/1999,0.0561851933,0.0444119139,0.0547268801,0.0178950377,0.0414946006,0.0065807433,0.044990128,0.0691337324,0.0839036639,0.065098218
07/1999,-0.023943511,-0.050686389,-0.039404239,-0.046632558,-0.037060904,-0.02534998,-0.031686226,0.0182858222,-0.004720361,-0.075628311
08/1999,0.011944536,0.053143336,-0.044919254,-0.014853051,-0.010603157,-0.015807537,-0.004251602,-0.012573494,-0.015413141,-0.029131085
09/1999,-0.027148623,-0.044502833,-0.011200938,-0.026566599,-0.025998455,-0.039662688,-0.028962297,-0.01874608,0.0049449649,-0.027273936
10/1999,0.0798457811,0.1027127939,0.0723396619,0.0967216041,0.0764985628,0.0096982232,0.1048580871,0.021399961,0.0340304716,0.0177089579
11/1999,0.0796224596,0.0285371221,0.003087874,0.0295405158,0.0006541324,0.0577745407,0.0316036802,0.0604533495,0.0943073387,0.0777662425
12/1999,0.2927641124,0.0732313712,0.0805013845,0.0598999393,0.0727389999,0.0178432479,0.0129923161,0.0245628629,0.0792480495,0.2039450669
01/2000,-0.054398583,-0.076336564,-0.031666736,-0.072814456,-0.044228969,-0.003772541,0.0152926495,-0.005018185,-0.074479844,-0.047143739
02/2000,0.215801557,0.1200089445,-0.015907778,-0.014028161,0.0375442506,-0.018360101,-0.050088262,-0.018974906,-0.009362863,0.0976038639
03/2000,-0.098554923,0.0179894663,0.0699024193,0.0565615956,0.0735216076,0.0895916053,0.1422168531,0.0966826626,0.1017847144,0.0941937275
04/2000,-0.080473878,-0.095117167,-0.051415915,-0.031439301,-0.017299238,-0.045952922,-0.038684884,-0.068706514,-0.103468106,-0.156067493
05/2000,-0.076263104,-0.015518475,-0.039762677,-0.007380171,-0.007881797,0.0067614143,-0.052585367,-0.086453727,-0.048563855,-0.148701578
06/2000,0.0344941991,0.0448626148,0.0082349806,0.0382890096,0.0683297026,0.0378256343,0.0254946619,0.0679644369,0.0362309515,0.1781566884
07/2000,-0.081567869,-0.03681437,0.0418084273,-0.00302789,0.0077393003,0.0075397444,-0.025927811,-0.037717824,-0.022039843,-0.026888954
08/2000,0.1059807255,0.0611030907,0.067036774,0.0671130173,0.0605068461,0.0380278597,0.0931258923,0.1014785809,0.1085025233,0.1023319387
09/2000,-0.04761328,-0.048278152,-0.069402004,-0.000527478,-0.105239,0.016708422,0.0099273576,-0.082927907,-0.123910887,-0.100838283
10/2000,-0.049162858,-0.007653393,-0.022724721,-0.029082227,0.0245187295,-0.035835163,-0.002829901,-0.037322033,-0.0754425,-0.014642754
11/2000,-0.08275716,-0.099788816,-0.062883023,-0.07002836,-0.110782742,-0.063663734,-0.07951929,-0.151645012,-0.178641416,-0.241131408
12/2000,0.0213200139,-0.056519507,0.0089060686,-0.007554479,0.0394992603,0.041086605,0.0488432912,0.0027394312,0.0726484907,0.0292917855
01/2001,0.0125729582,0.0239086869,0.0249088039,0.0194848595,-0.017737355,0.0140386475,0.0219454467,0.0545829952,0.1811489663,0.2506674971
02/2001,-0.210048314,-0.115843403,-0.13356631,-0.08130674,-0.130058515,-0.02328723,-0.083380789,-0.04433669,-0.097520003,-0.165679989
03/2001,-0.065122854,-0.031335161,-0.056009357,-0.053041118,-0.060889454,-0.043935009,-0.038014244,-0.085299018,-0.060970637,-0.180010034
04/2001,0.0731957123,0.0650097628,0.1119153013,0.0690119948,0.0493909118,0.0506398468,0.0753893026,0.0689838554,0.117039057,0.2049646007
05/2001,-0.033439979,-0.004522664,0.0166805953,0.0249971258,-0.009287421,0.0182486995,0.0416667421,0.0074144083,0.0267516352,0.0190505248
06/2001,0.0289006252,-0.014488491,-0.034420569,-0.044640272,-0.002362009,-0.004768861,-0.01708242,-0.010958935,-0.028756213,-0.024861283
07/2001,-0.087100829,-0.044093682,0.0100867987,0.0037774553,-0.019305381,-0.020714554,0.0338126839,-0.03597237,0.0023105229,-0.075152274
08/2001,-0.0724845,-0.075767971,-0.055525922,-0.032759524,-0.060443003,-0.056526619,-0.056183874,-0.068537209,-0.056582852,-0.112144697
09/2001,-0.134999152,-0.11827084,-0.097400391,-0.106216146,-0.090887231,-0.040059992,-0.075365674,-0.06213613,-0.125542591,-0.203893333
10/2001,-0.023691552,-0.002116016,0.0132473441,0.0144303689,0.0487542284,0.0346161627,0.0581049293,0.0421442144,0.0917082109,0.1099332215
11/2001,0.1112175479,0.0957246521,0.0788830894,0.0861444564,0.055086486,0.0601019,0.0687609618,0.0744207307,0.087614694,0.1148743323
12/2001,0.0247398823,0.0270809378,0.02048675,0.0165211537,-0.007139825,0.0143249047,-0.002154627,0.0393300847,0.0145904293,0.0326413022
01/2002,-0.044381928,-0.034765548,-0.00985602,-0.011874733,-0.02839724,0.0128712471,-0.015238578,0.0166306649,-0.009381571,-0.039884164
02/2002,-0.082477875,-0.038453143,-0.008151115,-0.023520826,-0.005368212,0.0099092335,-0.007211482,-0.024805814,-0.016015985,-0.119718763
03/2002,0.0631920619,0.0365007467,0.0215949456,0.0194911273,0.0427448707,0.0460651187,0.0256344053,0.078388477,0.0898358084,0.1196820645
04/2002,-0.095610261,-0.0571865,-0.05095038,-0.037494196,-0.054496496,-0.047992963,-0.039719516,-0.024592143,-0.026720228,-0.107184314
05/2002,-0.025922126,-0.026468675,-0.002908409,-0.009002059,0.0123776641,-0.022822079,0.0044643544,-0.019129115,-0.012370491,-0.038559191
06/2002,-0.097313188,-0.080520277,-0.074190782,-0.034717985,-0.083892481,-0.046640315,-0.076178781,-0.075733806,-0.10353489,-0.119811259
07/2002,-0.11693269,-0.101943883,-0.095142238,-0.086472016,-0.092195796,-0.068849991,-0.060063837,-0.083298537,-0.063964546,-0.145502146
08/2002,-0.025419517,0.0221091472,-0.000844584,0.0105416529,0.0186657515,-0.010581041,0.0222723028,0.0114586602,0.0008742003,0.0512498945
09/2002,-0.096077498,-0.081557034,-0.117624685,-0.103047561,-0.082128697,-0.102487047,-0.093054372,-0.098673026,-0.126460644,-0.110669365
10/2002,0.0426145399,0.0464553682,0.0796507384,0.0763515338,0.065884098,0.0564618166,0.1055121522,0.0878014345,0.1386958076,0.0779359817
11/2002,0.1149375408,0.0701501975,0.0288350543,0.0115949549,0.0414903324,0.0402175286,0.0800225993,0.116473235,0.1177765296,0.1218100665
12/2002,-0.138411465,-0.095684296,-0.069112437,-0.073631553,-0.045795573,-0.037683543,-0.047433054,-0.044321203,-0.027184898,-0.025917814
01/2003,-0.022039701,-0.012621365,-0.0173614,-0.026389915,-0.026252589,-0.027755085,-0.038865632,-0.018369091,-0.018073065,-0.004269128
02/2003,-0.0098412,-0.023396675,-0.023677221,0.0012848097,-0.027158997,-0.014233382,-0.041044881,-0.024008001,-0.013509917,-0.038667862
03/2003,0.0218403028,-0.00089501,0.0131774444,-0.001083509,0.0154344298,0.0180348104,0.0038341036,0.0242831213,-0.00572899,0.01901473
04/2003,0.0943845892,0.0556492482,0.0782330361,0.0686525101,0.0555141692,0.0809452497,0.1172508997,0.0926247851,0.1023424706,0.1589071379
05/2003,0.1418618155,0.0951328567,0.0650406162,0.0820115899,0.0590470935,0.0265501146,0.0491725812,0.0583144966,0.0441506234,0.1182039496
06/2003,0.0271664136,0.0260044423,0.0162975178,0.0075509745,0.0145009819,0.0068162751,0.0174453765,-0.002253055,0.0241722344,0.0313925912
07/2003,0.0430618457,0.0307038921,0.00355546,0.0129413581,0.0258426376,0.0285704418,0.0200829251,0.055719351,0.0162527378,0.0318366743
08/2003,0.0415751067,0.0297012552,0.0311060467,0.0313599622,0.0041912637,0.0056625263,0.0299000271,0.0329523224,0.0242059451,0.06707898
09/2003,-0.02855969,-0.031553401,-0.034087042,-0.025656914,-0.012267377,-0.017554283,-0.001575253,0.0168646127,-0.008154072,-0.02980275
10/2003,0.1086788922,0.0461734524,0.0462838494,0.0770853292,0.0670000559,0.0597532496,0.0542384796,0.0603808052,0.0888891795,0.0834208408
11/2003,0.0336620058,0.0315199109,0.0164419239,0.0178010047,0.0028385656,0.0337794983,0.0127735224,-0.00334882,0.0110591221,0.0096881795
12/2003,0.016016005,0.0192656919,0.0299379121,0.0443567499,0.0551577151,0.0407425608,0.0481999337,0.0541799328,0.0335493183,0.0599498982
01/2004,0.0212060664,0.0196809376,0.0078294072,0.0171011305,0.0168377553,0.0251187156,0.0160450351,0.0242438117,0.0242544505,0.0626961319
02/2004,0.0142657035,0.0169010523,0.0269873909,0.0065095744,0.0179554655,0.0286323085,0.0115417768,0.0084196801,0.0108572095,-0.002170171
03/2004,-0.00180785,-0.006465403,-0.003782958,-0.002918309,-0.015332052,-0.021073022,-0.008775845,-0.016949266,0.0010312897,-0.014480669
04/2004,-0.040668254,-0.016015682,-0.014418791,-0.029107756,-0.015162099,-0.010321679,-0.008773675,-0.015311211,-0.015782497,-0.038487823
05/2004,0.024796269,0.0189385785,0.0035614352,0.0201303472,-0.002554968,0.0061324574,0.0088182144,0.0153362952,0.0101955084,0.0408197905
06/2004,0.028634274,0.0139094042,0.0059010482,0.0147786145,0.0116568121,0.0171059748,0.0242411729,0.0238026002,0.0327378945,0.0405030885
07/2004,-0.083962793,-0.05201258,-0.026793825,-0.016688461,-0.035720421,-0.058219122,-0.046788817,-0.024027217,-0.04285772,-0.074013938
08/2004,-0.008038828,-0.00397503,0.0100400732,0.0182872309,-0.007368573,0.0214102925,0.0153701472,-0.024473833,-0.008271825,-0.030406219
09/2004,0.0480316901,0.0324909342,0.023938207,0.0112658259,-0.004402858,0.0004360965,0.0307546281,0.0104349796,0.0332865745,0.0631825486
10/2004,0.0221097352,0.0115376051,0.0182548008,0.0245063543,0.0090626798,0.0102030816,0.017813646,0.0096209774,0.0125754553,0.0454738705
11/2004,0.0542758674,0.0405906644,0.0407210605,0.0486667316,0.0516281884,0.0516796365,0.0245657872,0.0447093961,0.0617936455,0.1019199786
12/2004,0.0455878182,0.0362259024,0.029754854,0.0327320999,0.0313943146,0.0268898436,0.0350595455,0.0370964206,0.0355085845,0.0561369118
01/2005,-0.044653113,-0.028984504,-0.023774898,-0.029777623,-0.028399241,-0.015222333,-0.020002706,-0.018319242,-0.033929718,-0.046499709
02/2005,0.0408382729,-0.00176867,0.0250160595,0.0206284435,0.0244030116,0.0195134731,0.0446667549,0.0297782889,0.0045029865,0.0067397882
03/2005,-0.023125989,-0.020292988,-0.022092362,-0.009511233,-0.016803773,-0.024524966,-0.012676086,-0.012933558,-0.012250305,-0.040761172
04/2005,-0.022095661,-0.027335417,-0.021921966,-0.028976648,-0.036529224,-0.007079348,-0.002425511,-0.028063819,-0.04222066,-0.074918112
05/2005,0.0493890755,0.0304688281,0.0433056285,0.0165324948,0.031367441,0.0388681074,0.0571044873,0.056549564,0.0783300658,0.0562173688
06/2005,0.0179369177,0.0216856901,0.0124809386,0.0243489262,0.0143149011,-0.000444607,-0.007101971,0.0073249969,0.0074704046,0.0216290835
07/2005,0.0485242806,0.0585794007,0.064242821,0.0415086563,0.0347728388,0.0442185463,0.0254674999,0.0347537319,0.0400123061,0.0883706345
08/2005,-0.002053775,-0.008093889,0.0032247004,-0.013397376,-0.00614486,-0.007705648,0.0150057952,-0.026882463,-0.0151325,-0.014491027
09/2005,0.0500909259,-0.015465025,0.0205133948,0.020146173,0.0129405216,0.0097367202,-0.008606873,0.0138173709,-0.010680016,-0.007300779
10/2005,-0.026402696,-0.03048054,-0.013431955,-0.010782851,-0.00255912,-0.044162512,-0.015331893,-0.016418127,-0.023333648,-0.009792995
11/2005,0.0571463338,0.0316072465,0.0199691745,0.0443128003,0.0266112205,0.0389539973,0.0438909558,0.0522589757,0.0409205501,0.0578125725
12/2005,0.0091209951,-0.008968654,-0.020059768,-0.003667696,0.014037857,0.0004784987,0.0108245762,0.0031889222,0.0101727741,0.0221121637
01/2006,0.0638467525,0.0611641216,0.0398458544,0.0411690379,0.0434145117,0.0119163213,0.0251943395,0.0475678093,0.0082805121,0.0818158303
02/2006,-0.033678658,-0.03060352,0.006498606,0.012498164,0.0033927407,-0.005068622,0.0035326597,0.006305977,0.003605108,0.007260505
03/2006,0.0428271986,0.0335873613,0.0149566205,0.0165318784,-0.001570093,0.0135705334,0.0081379978,0.0108159754,0.0357193066,0.0357338707
04/2006,0.0034588257,0.0221648408,0.0087348397,0.0065309422,0.0159814016,0.0172701846,0.0030335229,0.0009851407,0.0179590751,0.0200852654
05/2006,-0.051012292,-0.033484911,-0.033143035,-0.03466392,-0.028926467,-0.02763716,-0.006435437,-0.032270504,-0.042325941,-0.063911999
06/2006,0.0050621938,-0.008672138,-0.006377011,0.0009651101,0.0101209437,0.0132625267,-0.007397829,0.0086406358,-0.013656176,-0.008716217
07/2006,-0.039824521,-0.003701093,-0.038791959,0.0051396125,0.0222640503,0.0057944019,0.0162705491,0.0056269366,-0.034604068,-0.055833572
08/2006,0.02370138,0.0317411449,0.0191000304,0.0211770194,0.0265749761,0.0071264827,0.0062641213,0.0376150528,0.0226576861,0.0616462565
09/2006,0.0160706892,0.0313537162,0.002206034,0.0261848091,0.0075611687,0.035102754,0.0249570984,0.020504289,0.0393814298,0.030858846
10/2006,0.0267947556,0.0412852794,0.0478950897,0.0390213234,0.0172802031,0.0349341516,0.0345415102,0.0547084919,0.0415012468,0.0292969686
11/2006,0.0333428916,0.0246617924,0.0101914599,0.0090944639,0.0387043976,0.0137954775,0.0193347819,0.0204336524,0.0178741078,0.0292868535
12/2006,-0.010927466,-0.00573661,-0.001279389,0.0095584138,0.0071131157,0.0167657829,0.025035273,0.0094034906,0.017122229,0.0090976352
01/2007,0.0012960751,0.0282750151,0.0144072672,0.0123813216,0.0250779334,0.0221881156,0.008208154,0.0306185357,0.0247615912,0.0291696259
02/2007,-0.013162561,-0.014464313,-0.010169912,-0.018675726,-0.028007358,-0.0204565,-0.01287943,-0.007293309,-0.014511566,0.0014346007
03/2007,0.0115556614,0.0224845192,0.0110202966,0.0073313961,0.0180599064,0.0171140053,0.0011761759,0.0152408443,0.0020426465,-0.011063419
04/2007,0.0459425706,0.0429196414,0.0337516281,0.040759226,0.0282685268,0.0463544478,0.0363077385,0.0475644402,0.0381369494,0.0447999175
05/2007,0.0443396461,0.0384709418,0.0406922084,0.0358690488,0.0398929829,0.0338099394,0.0310464173,0.0379017153,0.0366091499,0.0263603605
06/2007,-0.008221567,-0.014789395,-0.015236915,-0.017736773,-0.012958688,-0.027183376,-0.013840509,-0.017911202,-0.003663838,-0.031579443
07/2007,-0.042658873,-0.031607006,-0.04137197,-0.022278513,-0.030818214,-0.015304133,-0.049222991,-0.036712035,-0.043083084,-0.07612529
08/2007,0.0130352581,0.0117730404,0.0243547449,0.0200942997,0.0179519948,-0.000263327,0.0122496251,0.0028049535,-0.015653117,-0.029400588
09/2007,0.0495654289,0.0114333752,0.0328641463,0.0194705872,0.0484433873,0.0380296276,0.0471149225,0.0346743941,0.0339893823,0.0145108567
10/2007,0.0626038918,0.0485091472,0.0198377664,0.011720732,-0.010227592,0.0441589235,0.000895581,0.0237002887,-0.004046329,-0.014944546
11/2007,-0.054634152,-0.0408434,-0.030778674,-0.029718594,-0.04292248,-0.029524866,-0.024622638,-0.065544602,-0.086278869,-0.090171127
12/2007,-0.001133835,0.0037544611,-0.017191975,-0.000757453,0.0048635933,0.01227643,-0.018360288,-0.022346429,-0.055147121,-0.028285387
01/2008,-0.103203874,-0.09845675,-0.068713567,-0.065909771,-0.043080745,-0.063344054,-0.061340517,-0.052976534,-0.032896267,-0.020185266
02/2008,-0.06989535,-0.029725982,-0.024914981,-0.023902495,-0.039088016,-0.023402227,-0.001437557,-0.026116562,-0.050779446,-0.04933045
03/2008,-0.004185161,-0.019710068,-0.003411844,0.0003243299,-0.001137264,-0.008022187,-0.016690437,-0.008385843,-0.016236595,-0.037664479
04/2008,0.0801011922,0.0307063621,0.0540644558,0.0463428033,0.0511500794,0.0409518254,0.045005431,0.0597168902,0.0919624047,0.0777646235
05/2008,0.0307379007,0.0402626091,0.0128822382,0.0011115534,0.0152793578,0.0371632689,0.0187317675,0.0077297385,0.0491463158,0.0296577002
06/2008,-0.034508483,-0.062269039,-0.089586448,-0.068523823,-0.070057944,-0.069409704,-0.075027669,-0.093544725,-0.09635226,-0.196873953
07/2008,-0.052873381,0.02582638,-0.009164422,-0.002551871,-0.001111634,-0.03315376,-0.016690141,0.0569070519,0.0037419843,0.0078363074
08/2008,0.0042258354,0.0154157147,0.0025737204,0.0129958793,0.017817913,0.0244829556,0.0303706329,0.0214192774,-0.00234461,0.0150313672
09/2008,-0.115485335,-0.101475933,-0.08661582,-0.077460248,-0.076586689,-0.069015372,-0.114393032,-0.101779373,-0.093814089,-0.241888551
10/2008,-0.157932382,-0.212295659,-0.11589048,-0.164862346,-0.161282846,-0.1564183,-0.158970156,-0.204863164,-0.25042888,-0.227974446
11/2008,-0.081515645,-0.00814087,-0.0654658,-0.108896697,-0.072774356,-0.038271931,-0.09622377,-0.184408302,-0.171347348,-0.176062625
12/2008,0.0112212595,-0.006611862,0.0061200117,0.0103679202,0.0378468936,0.0287273365,0.0474810871,0.0250343043,0.0654658203,0.1015043647
01/2009,-0.123460319,-0.065643472,-0.093442806,-0.093789844,-0.058405644,-0.073401935,-0.067785305,-0.092954425,-0.127659227,-0.030374243
02/2009,-0.097980821,-0.068638953,-0.07997559,-0.128290623,-0.078547919,-0.10151243,-0.108174324,-0.07649138,-0.140750283,-0.220612578
03/2009,0.0950689598,0.1070311748,0.107521505,0.0566636766,0.0612450313,0.0875870501,0.1011517383,0.1124774103,0.1720380558,0.2114791813
04/2009,0.2257809488,0.1992670912,0.1228131339,0.0890237307,0.0903789431,0.1045273477,0.0576974391,0.071190534,0.156663421,0.1971136753
05/2009,0.064186222,0.0869705756,0.093354,0.0780967045,0.0482390866,0.0620745407,0.0462893017,0.0194372447,0.0502277848,0.0719768687
06/2009,-0.040020464,-0.020904416,-0.006390261,-0.026264876,-0.0032577,0.0360410007,0.0259868637,0.0215062574,0.0261787863,0.0207362985
07/2009,0.0920457718,0.0449154746,0.0579388066,0.0829733829,0.0676753,0.0803065075,0.0746201918,0.1036501607,0.1011396761,0.0861765207
08/2009,0.0767854418,0.0358524854,0.038753901,0.0419874519,0.0384582748,0.0175030976,0.0256114642,0.0237349313,0.0464057828,0.0490092549
09/2009,0.0464233124,0.0514603434,0.0333587813,0.0299475448,0.0430925887,0.0370352107,0.0377640473,0.0353208527,0.0464545382,0.0694795817
10/2009,-0.096439309,-0.029582898,-0.029432803,-0.038636403,-0.022075702,-0.012898612,-0.028215937,-0.016109108,-0.003586161,-0.025448902
11/2009,0.0606207831,0.0617968813,0.0502078732,0.0604323885,0.0693789519,0.0403957283,0.0480429523,0.0591551282,0.0305266711,0.0268081118
12/2009,0.0341087389,0.0365660599,0.0162591838,0.0282910221,0.0199110412,0.0214929278,0.0257099821,0.0744797514,0.0610208023,0.0698505409
01/2010,-0.048057926,-0.058714099,-0.047014401,-0.026662387,-0.022065589,-0.059946873,-0.026945526,-0.035362264,-0.033989698,-0.02527146
02/2010,0.039302408,0.0409109485,0.0212938017,0.0322389304,0.0360822957,0.0363979142,0.0294741611,0.0301642161,0.0434025422,0.0459822602
03/2010,0.0885124056,0.0536286318,0.0578690517,0.0575104018,0.062497448,0.0637748544,0.0526539704,0.0569530491,0.0905991355,0.1021850225
04/2010,0.0438109302,0.0333009536,0.0459819525,0.0236543606,0.0109909827,0.0116746606,0.0139256171,0.0221768772,0.0108525321,0.0359879995
05/2010,-0.092046628,-0.073977577,-0.078727334,-0.08076116,-0.086102309,-0.070120518,-0.077672906,-0.081175424,-0.075190921,-0.069662601
06/2010,-0.060934694,-0.033287997,-0.047328033,-0.056141037,-0.047133147,-0.050777135,-0.070606015,-0.07884648,-0.088099529,-0.090035692
07/2010,0.0500476805,0.0615446947,0.0674644118,0.0647341765,0.0713196607,0.0671805291,0.0897890718,0.0671960333,0.0966784979,0.1062139926
08/2010,-0.052874727,-0.050674205,-0.064626243,-0.051390387,-0.039715816,-0.035807708,-0.037018524,-0.038905711,-0.072533907,-0.065024053
09/2010,0.114757656,0.0807172694,0.0929661166,0.084608761,0.0786473817,0.0973887621,0.1101484854,0.1063030398,0.1213039737,0.1618538719
10/2010,0.0466900231,0.0549124091,0.0507116845,0.0425990003,0.0413462803,0.0306392742,0.0218878687,0.0490518482,0.0512469209,0.0457923179
11/2010,0.0276811996,-0.005022231,0.0229644468,0.0030172125,-0.005994189,-0.006450401,-0.004408736,0.0301875714,0.0323088788,-0.011380804
12/2010,0.055679201,0.0693159589,0.0624481678,0.0608030734,0.0470346189,0.0695483552,0.0769444547,0.067669898,0.07595348,0.0986201898
01/2011,0.0004733922,0.0177378017,0.0314316222,0.0185253395,0.0156376265,0.0086888896,0.0051641846,0.036132411,0.0310980271,0.0320323401
02/2011,0.0474970876,0.0324494132,0.0549482904,0.0280106353,0.0135700632,0.0402435074,0.0349988459,0.0209204975,0.0497945479,0.0335607786
03/2011,0.0078348847,0.0004880508,0.0148656112,0.0055903564,0.0127820409,0.0031264211,-0.001189794,0.0134187614,-0.005465792,0.0023273871
04/2011,0.0391681354,0.0356353404,0.0337517568,0.026751095,0.03256872,0.0210292478,0.0273748085,0.0439377292,0.0109024036,0.039127679
05/2011,-0.010465546,-0.020622717,-0.022123465,-0.005192081,-0.00021409,-0.008239389,-0.013306788,-0.007262911,-0.018183543,-0.018884736
06/2011,-0.01641484,-0.019535379,-0.016659099,-0.012793607,-0.016606871,-0.013234905,-0.021828484,-0.024179692,-0.017457226,-0.025849706
07/2011,-0.029234755,-0.009229385,-0.018662148,-0.03137979,-0.005761328,-0.026311662,-0.040249727,-0.004698159,-0.048662412,-0.057531378
08/2011,-0.054746124,-0.090248565,-0.055103929,-0.042225955,-0.03732598,-0.048788547,-0.058599466,-0.066662553,-0.088815927,-0.097814848
09/2011,-0.083912631,-0.049864941,-0.048855382,-0.056868901,-0.063664769,-0.090244878,-0.111767933,-0.145015362,-0.129395175,-0.15814486
10/2011,0.0916389447,0.0846486517,0.082793965,0.0934468892,0.1052173311,0.1322361953,0.1851585309,0.1840090824,0.1864829557,0.1904834742
11/2011,-0.026217946,-0.016375716,0.0101634291,0.0065039923,-0.023145114,0.010357134,-0.006359137,-0.002122437,0.0184067044,-0.024515961
12/2011,-0.000728849,0.0049491158,0.0056343294,0.0190025358,0.01090015,0.017625102,-0.005436939,0.0022265048,-0.016024887,-0.019657541
01/2012,0.0179844205,0.0454032901,0.0431383836,0.0354687671,0.0178287191,0.0530891935,0.0617642473,0.0720559929,0.0973800967,0.0923998682
02/2012,0.057151719,0.0530677584,0.0442648731,0.0468750875,0.0688122601,0.0265098507,0.0288367959,0.0389321909,0.0545261675,0.0516372638
03/2012,0.0189019322,0.0467096885,0.0378756999,0.0344863485,0.0310941498,0.0272757034,0.0254856287,0.0246026071,0.0328824025,0.0298701778
04/2012,-0.034365459,-0.010448501,-0.009007147,-0.000547852,-0.007690987,-0.00157937,-0.011783594,-0.010620069,-0.002722739,-0.014786703
05/2012,-0.081027557,-0.04357253,-0.065189787,-0.054180572,-0.052252998,-0.07017254,-0.064663931,-0.054485586,-0.093067615,-0.092207187
06/2012,0.0461580768,0.0294603903,0.0425150953,0.0394227949,0.0358784569,0.0443239467,0.0266875899,0.0402847175,0.0394090918,0.0339900694
07/2012,-0.020641707,-0.011335493,-0.001226112,0.0197526362,-0.003744966,0.0122278899,0.0227761121,0.0154993525,0.0131371511,0.0050596097
08/2012,0.0439872289,0.039801392,0.0058170094,0.0374671158,0.0051817794,0.0102856464,0.0218615378,0.0464818929,0.0573317003,0.0620622363
09/2012,0.0298424115,0.0327640945,0.0477685188,0.0175492502,0.0110745906,0.0314430441,0.023399655,0.0251250949,0.0333548326,0.0272080229
10/2012,-0.034414556,-0.0178215,-0.004361258,-0.007306113,-0.011865009,-0.036440447,-0.016236392,-0.00530056,-0.016515868,-0.00621098
11/2012,-0.004671101,0.0095388395,0.0071158965,0.0027467935,0.0068580006,0.0017792247,0.0097260841,0.0125378399,0.0258929697,0.0162174188
12/2012,0.0220295896,0.0138067227,0.0198496893,0.0145734284,0.0174948225,0.0171998742,-0.014238382,0.0304659091,0.0127008479,0.0356194234
01/2013,0.0666875409,0.063205332,0.0767801732,0.0618628646,0.0764285261,0.0636524245,0.0498734959,0.0498661302,0.0016877538,0.0777950755
02/2013,0.0223023672,-0.008092968,0.0139882986,0.0120036073,0.0137518704,0.0169018733,0.0217997179,0.0108415844,-0.001301304,0.0126713337
03/2013,0.0628602908,0.0523167009,0.036662551,0.0402484212,0.0448338936,0.0358002111,0.043462278,0.0302190177,0.0449252261,0.0288742825
04/2013,-0.002471849,0.0121316287,-0.002675529,0.0114992093,0.0398034634,0.0215194409,0.012240322,0.0067342904,0.0288849203,0.0072256614
05/2013,0.0396543653,0.0260885229,0.0329198051,0.0120821553,0.0299389131,0.0175234889,0.0191337512,0.0354311439,0.0486447628,0.0561166399
06/2013,0.0033567666,-0.022708397,-0.001808749,-0.016192911,-0.005945196,-0.013981726,-0.006343252,-0.027027886,-0.006720878,-0.008684288
07/2013,0.0492814533,0.054487602,0.0612781572,0.0564302579,0.0283119489,0.0424234881,0.0492658785,0.0789670172,0.0743352784,0.1079645782
08/2013,-0.010684633,-0.018867552,0.0024865239,-0.015397405,-0.037744397,-0.040586438,-0.038686025,-0.030523775,-0.028797625,-0.006584047
09/2013,0.067755818,0.0247760347,0.0615446406,0.0358005884,0.0323374783,0.0267443705,0.0479153554,0.0312381138,0.0447657707,0.047975307
10/2013,0.0184906833,0.0462227823,0.0427444976,0.0517125428,0.0484171729,0.0416578653,0.040695745,0.0235077946,0.0549341754,0.0220566828
11/2013,0.0390707817,0.0342587442,0.0347317881,0.0189662409,0.0191980907,0.0394107536,0.0258238191,0.0266575798,0.0486311731,0.0274343332
12/2013,0.0300702846,0.0109710658,0.0375354294,0.0221054073,0.0232542157,0.0312045925,0.0179173067,0.0339814978,0.0353367662,0.0548460624
01/2014,0.0006270047,-0.045407519,-0.041683658,-0.040740462,-0.016772211,-0.047069649,-0.045183676,-0.022956997,-0.018781058,-0.016871301
02/2014,0.0566650652,0.0526294277,0.0459306633,0.0428291539,0.0341299449,0.0464821839,0.0511400824,0.052088668,0.0450365905,0.0393415257
03/2014,-0.045340463,0.0014129151,-0.012067714,-0.006264021,0.0221079766,0.0163347251,-0.000512721,0.015400714,0.0074723675,-0.007476066
04/2014,-0.000158235,-0.000157924,-0.009880081,0.0082324113,0.0053479351,0.0196785673,0.0057443402,-0.006424194,-0.028979221,-0.032693682
05/2014,0.0377444324,0.0144927759,0.0163526972,0.0225863342,0.0172483421,0.0302379786,0.0082372848,0.0346326137,0.0297046976,0.0243048874
06/2014,0.0417978572,0.038286418,0.0257206299,0.0283597423,0.0238660236,0.0296135372,0.0135840408,0.0206536446,0.0136741339,0.0669500316
07/2014,-0.062573299,-0.022539079,-0.010320984,-0.030600998,-0.035264649,-0.03304671,-0.000164314,-0.014414061,-0.01012623,-0.008711099
08/2014,0.0459695878,0.0409200522,0.0482100732,0.0351979763,0.0368432846,0.0444674492,0.0432682029,0.0354079481,0.0572053437,0.0418569593
09/2014,-0.03498097,-0.036401896,-0.015710384,-0.019159956,-0.016325518,-0.01677449,-0.015784022,-0.013695333,-0.02867212,-0.045010495
10/2014,0.017229968,0.0215703197,0.0180794595,0.0354993501,0.0275473422,0.0311512184,0.0189669121,0.0375466691,0.0248366457,0.0124339975
11/2014,0.0213128781,0.031298108,0.0233536897,0.0428786041,0.02985214,0.0129318105,0.038310079,0.0300480833,0.0166365353,-0.048218829
12/2014,0.0129246131,-0.015131939,0.0012342449,0.000560456,0.0019451623,0.0086464642,-0.003996845,0.0165934601,-0.014816327,-0.018130958
01/2015,0.0086987087,-0.038736331,-0.030742021,-0.043185655,-0.029195009,-0.040182141,-0.047843647,-0.031213716,-0.003669329,-0.002878053
02/2015,0.0536684351,0.0739564844,0.0485159101,0.0455977288,0.0555055535,0.0526918905,0.0763594955,0.0637069314,0.0742025343,0.1098990138
03/2015,0.0060321164,-0.005837714,0.0008144723,-0.014112528,-0.021930441,-0.005194517,-0.015866058,-0.008675099,-0.008204547,-0.02309813
04/2015,-0.036571708,-0.011596382,-0.018734564,-0.008317884,-0.003703537,0.0081563516,0.0019468593,0.0079205525,0.046320442,0.0360009737
05/2015,-0.008826251,0.0027259376,0.0245060478,0.0107996322,0.019641142,0.0044779272,0.0140946996,0.0184247429,0.0067790687,0.0356368969
06/2015,0.0017452571,0.0059088462,-0.007343495,-0.00373509,-0.022980467,-0.016022747,-0.033164335,-0.026281913,-0.025874717,-0.031084106
07/2015,0.0248294682,0.0084250164,0.0120073093,0.0104388648,0.0206874636,0.0357986734,0.035383907,0.0068061391,0.0051780567,-0.04471192
08/2015,-0.054996804,-0.066969114,-0.05706194,-0.058744559,-0.058008612,-0.062131516,-0.065896026,-0.064648019,-0.063441374,-0.038234047
09/2015,-0.048602619,-0.03124347,-0.019723925,-0.015837052,-0.017760721,-0.022367261,-0.042632638,-0.043096169,-0.049434928,-0.093929099
10/2015,0.0424150847,0.079422575,0.0998846118,0.0729948974,0.071488618,0.0750339168,0.0759163132,0.0752286193,0.0744229296,0.0824193842
11/2015,0.0104788325,0.011678179,0.0009668301,0.0055175694,0.0024942475,-0.000933708,0.0100268236,-0.002910802,0.0206327394,0.0290913789
12/2015,-0.044581661,-0.040406473,-0.020234449,-0.007439049,-0.01293553,-0.018156425,-0.029744624,-0.0249048,-0.031739691,-0.038192241
01/2016,-0.068252614,-0.01646435,-0.054225868,-0.048788021,-0.069528466,-0.070464728,-0.078656155,-0.084936293,-0.106257128,-0.104530177
02/2016,-0.009751813,0.0061701849,-0.007262322,-0.013252994,0.0064127607,0.0105757928,0.0005895924,-0.003920035,0.0003721032,-0.002026722
03/2016,0.0521119513,0.0705487583,0.0667331675,0.06297535,0.0673557867,0.0670333618,0.0642664734,0.0826007107,0.0745187795,0.1412526841
04/2016,0.1058438721,0.0213658385,0.0179088844,-0.013697647,0.022702154,-0.007054312,0.0013089883,0.0234645311,0.0235367337,0.0263983257
05/2016,0.0046696976,0.0299083668,0.0287107727,0.0063322667,0.0198502177,0.0134039444,0.0157167191,0.0170585345,0.0374942233,-0.003673522
06/2016,0.0040801403,-0.017016629,-0.008836126,-0.016934034,0.0022420748,0.0166200063,0.0037014475,-0.007068194,0.0051835026,-0.001554564
07/2016,0.0537464011,0.0191342495,0.0243486395,0.0163899538,0.0343215008,0.0494254155,0.0570828072,0.0636593892,0.0652289916,0.0923950899
08/2016,0.0057450495,0.0127137885,0.0171887504,0.0062858673,0.0027715481,0.0020461657,-0.003247801,-0.012763111,0.018697224,0.0171141415
09/2016,0.0448474874,0.0192951719,0.0069199786,0.0118523527,-0.008779584,0.0061050027,-0.004242014,-0.001177104,0.0189246879,-0.002168075
10/2016,-0.058426321,-0.030406905,-0.0230883,-0.015919384,-0.005137073,-0.005199419,-0.029526363,-0.033397687,-0.02185359,-0.00210392
11/2016,0.0622069134,0.0550592439,0.0498325817,0.0276552009,0.0261589194,0.0469510053,0.0675717037,0.0489091573,0.0968303136,0.0920803789
12/2016,0.0173503553,0.0038410848,0.0067352073,0.004981997,0.0131269046,0.0272457096,0.0246589222,0.0242869224,0.0123228475,0.0152085947
01/2017,-0.006964586,0.0194571814,0.0019349616,0.0150007796,0.0179018797,0.0271908319,0.0346720213,0.0296364105,0.0274763027,0.0405232034
02/2017,0.0168783067,0.0282656676,0.0570940282,0.0331543705,0.0341614132,0.034026401,0.0372782443,0.041144426,0.0147020872,0.0446202193
03/2017,-0.000782276,-0.000504167,-0.001428571,0.008904157,0.0032733923,-0.011374848,0.009248568,0.0120777086,-0.000382763,0.0056774677
04/2017,0.0206587543,0.0187671859,0.0132001368,0.0168688595,0.0115664906,0.0186272002,-0.001309493,0.0042927974,0.0055354418,-0.002326183
05/2017,0.0187629688,0.0263205118,0.0132445685,0.0183977672,0.0164505713,0.0140048482,-0.002394221,0.0131769749,-0.012384626,-0.040395265
06/2017,-0.005302045,-0.002927337,-0.012346341,-0.003748525,0.0160937621,0.0324847328,0.026450145,0.0088401514,0.0305158921,0.0594342037
07/2017,0.0058766021,0.0085097243,0.024225106,0.0089514844,0.0189074722,0.0234530919,0.0271052927,0.0131910995,0.0164719601,0.0417400166
08/2017,0.000775391,0.0059201511,-0.006969234,0.0047367447,0.0181892386,-0.002085746,-0.006357503,-0.001561926,0.0068826449,-0.013370339
09/2017,0.0294142264,0.0137813524,0.019650335,0.0202909962,0.0231209161,0.0310689623,0.044974155,0.0443151284,0.0374136401,0.0739523509
10/2017,0.0168525554,0.0467717736,0.0021196356,0.0138596941,0.0007741022,0.0279452229,0.0432321043,0.0163516504,0.0431752874,0.0230192023
11/2017,0.0350793735,0.0372387991,0.0349834157,0.0290933439,0.0259239581,0.0322341181,0.0228274366,0.037875917,0.0450464811,0.0570550124
12/2017,0.0239876793,0.0144562116,0.0118635408,0.0101177479,0.016379676,0.005791167,0.0154952242,0.0107014707,0.0103397373,0.0041400088
01/2018,0.0467404215,0.0428028337,0.0512927949,0.0756017134,0.0339283844,0.0406423552,0.0691027657,0.0939619065,0.0511554464,0.0460462263
02/2018,-0.005954109,-0.050109395,-0.043530767,-0.035075189,-0.030013314,-0.048394691,-0.049264409,-0.013812448,-0.047631056,-0.02548682
03/2018,-0.000521243,-0.019994144,-0.015963082,-0.02988995,-0.010424214,-0.026641668,-0.025940303,-0.03017709,-0.039755818,-0.016014413
04/2018,0.0143922382,0.0044747669,0.0068307113,0.0147969957,-0.001346101,0.0058506118,-0.001925952,0.0040084013,0.0041885504,0.0193602254
05/2018,0.0394594166,0.0162123608,0.0352181988,0.0273659087,0.0549447554,0.0099733463,0.0150470477,0.0159981584,0.0347203305,0.0410152935
06/2018,0.0099439159,0.0076770421,0.0136414514,0.0173889438,0.0070970784,0.0053534328,0.0055711939,-0.010661151,0.0085220417,0.0185007355
